
printing solution...
Parameters:
p0: [0, 1, 2]
p1: [0, 1, 2, 3]
p2: [0, 1]
p3: [0, 1, 2]
p4: [0, 1, 2]
p5: [0, 1, 2]
p6: [0, 1, 2]
p7: [0, 1]
p8: [0, 1]
p9: [0, 1]
p10: [0, 1]
p11: [0, 1]
p12: [0, 1]
p13: [0, 1]
p14: [0, 1, 2]
p15: [0, 1]
p16: [0, 1]
p17: [0, 1]
p18: [0, 1, 2, 3]
p19: [0, 1]
p20: [0, 1]
p21: [0, 1]
p22: [0, 1]
p23: [0, 1]
p24: [0, 1]
p25: [0, 1]
p26: [0, 1]
p27: [0, 1]
p28: [0, 1]
p29: [0, 1]
p30: [0, 1]
p31: [0, 1]
p32: [0, 1]
p33: [0, 1]
p34: [0, 1]
p35: [0, 1]
p36: [0, 1]
p37: [0, 1]
p38: [0, 1]
p39: [0, 1, 2, 3]
p40: [0, 1]
p41: [0, 1]
p42: [0, 1]
p43: [0, 1, 2, 3]
p44: [0, 1]
p45: [0, 1]
p46: [0, 1]
p47: [0, 1]
p48: [0, 1]
p49: [0, 1]
p50: [0, 1]
p51: [0, 1]
p52: [0, 1]
p53: [0, 1]
p54: [0, 1]
p55: [0, 1]
p56: [0, 1]
p57: [0, 1]
p58: [0, 1]
p59: [0, 1]
p60: [0, 1]
p61: [0, 1]
p62: [0, 1]
p63: [0, 1]
p64: [0, 1]
p65: [0, 1]
p66: [0, 1, 2, 3, 4]
p67: [0, 1]
p68: [0, 1]
p69: [0, 1]
p70: [0, 1]
p71: [0, 1, 2]
p72: [0, 1]
p73: [0, 1]
p74: [0, 1]
p75: [0, 1]
p76: [0, 1]
p77: [0, 1]
p78: [0, 1]
p79: [0, 1]
p80: [0, 1]
p81: [0, 1]
p82: [0, 1]
p83: [0, 1]
p84: [0, 1]
p85: [0, 1]
p86: [0, 1]
p87: [0, 1]
p88: [0, 1]
p89: [0, 1]
p90: [0, 1]
p91: [0, 1]
p92: [0, 1]
p93: [0, 1]
p94: [0, 1]
p95: [0, 1]
p96: [0, 1]
p97: [0, 1]
p98: [0, 1]
p99: [0, 1]
p100: [0, 1]
p101: [0, 1]
p102: [0, 1]
p103: [0, 1]
p104: [0, 1]
p105: [0, 1]
p106: [0, 1]
p107: [0, 1]
p108: [0, 1]
p109: [0, 1]
p110: [0, 1]
p111: [0, 1]
p112: [0, 1]
p113: [0, 1]
p114: [0, 1]
p115: [0, 1]
p116: [0, 1, 2, 3, 4, 5]
p117: [0, 1]
p118: [0, 1]
p119: [0, 1]
p120: [0, 1]
p121: [0, 1]
p122: [0, 1]
p123: [0, 1]
p124: [0, 1]
p125: [0, 1]
p126: [0, 1]
p127: [0, 1]
p128: [0, 1]
p129: [0, 1]
p130: [0, 1]
p131: [0, 1]
p132: [0, 1]
p133: [0, 1]
p134: [0, 1]
p135: [0, 1]
p136: [0, 1]
p137: [0, 1]
p138: [0, 1]
p139: [0, 1]
p140: [0, 1]
p141: [0, 1]
p142: [0, 1]
p143: [0, 1, 2]
p144: [0, 1]
p145: [0, 1]
p146: [0, 1]
p147: [0, 1]
p148: [0, 1]
p149: [0, 1]
p150: [0, 1]
p151: [0, 1]
p152: [0, 1]
p153: [0, 1]
p154: [0, 1]
p155: [0, 1]
p156: [0, 1]
p157: [0, 1]
p158: [0, 1]
p159: [0, 1]
p160: [0, 1]
p161: [0, 1]
p162: [0, 1]
p163: [0, 1]
p164: [0, 1]
p165: [0, 1]
p166: [0, 1]
p167: [0, 1]
p168: [0, 1]
p169: [0, 1]
p170: [0, 1]
p171: [0, 1]

Configurations:
1st  1 0 0 0 1 0 2 0 0 0 0 0 0 0 0 0 0 0 0 0 0 0 0 0 0 0 0 0 0 0 0 0 0 0 0 0 0 0 0 0 0 0 0 2 0 0 0 0 0 0 0 1 0 0 0 0 0 0 0 0 0 0 0 0 0 0 3 0 0 0 0 1 0 0 0 0 0 0 0 1 0 0 0 0 0 0 0 0 0 0 0 0 0 1 1 0 0 0 0 0 0 0 0 0 0 0 0 0 0 0 0 0 0 0 0 0 0 0 0 0 0 0 0 0 0 0 0 0 0 0 0 0 0 1 0 0 0 0 0 0 0 0 0 0 0 0 0 0 0 0 1 0 0 0 0 0 0 0 0 0 0 0 0 0 0 1 0 1 1 0 1 1
2nd  1 1 1 1 1 1 1 1 1 1 1 1 1 1 1 1 1 1 0 1 1 1 1 1 1 1 1 1 1 1 1 1 1 1 1 1 0 1 1 0 1 1 1 0 1 1 1 1 1 1 1 1 1 1 1 1 1 1 1 1 1 1 1 1 1 0 0 1 1 1 1 2 1 1 1 1 1 1 1 0 1 1 1 1 1 1 1 1 1 1 1 1 1 1 1 1 1 1 1 1 1 1 1 1 1 1 0 1 1 1 1 1 1 1 1 1 0 1 1 1 1 1 1 1 1 1 1 1 1 1 1 1 1 0 1 1 1 1 1 1 1 1 1 1 1 1 1 1 1 1 1 1 1 1 1 1 1 1 1 1 1 1 1 1 1 0 1 0 0 1 0 0
3rd  2 3 0 2 1 2 1 1 0 1 0 1 0 1 0 0 1 1 2 1 0 1 0 1 0 1 0 1 0 1 0 1 0 1 0 1 0 1 0 1 1 0 1 2 0 1 0 1 0 1 0 1 0 1 0 1 0 1 0 1 0 1 0 1 0 1 0 0 1 0 1 2 0 1 0 1 0 1 0 1 1 1 0 1 0 1 0 1 0 1 0 1 0 1 0 1 0 1 0 1 0 1 0 1 0 1 0 1 1 1 0 1 1 1 0 1 0 0 1 0 1 0 1 0 1 0 1 0 1 0 1 0 1 0 0 0 1 0 1 0 1 0 1 2 0 1 0 1 0 1 0 1 0 1 0 1 0 1 0 1 0 1 0 1 0 0 0 0 1 1 0 1
4th  2 0 1 1 2 0 2 0 1 0 1 0 1 0 1 1 0 1 3 0 1 0 1 0 1 0 1 0 1 0 1 0 1 0 1 0 1 0 1 3 0 1 0 3 1 0 1 0 1 0 1 0 1 0 1 0 1 0 1 0 1 0 1 0 0 0 0 1 0 1 0 0 1 0 1 0 1 0 1 0 0 1 1 0 1 0 1 0 1 0 1 0 1 0 1 0 1 0 1 0 1 0 1 0 1 1 1 0 1 0 1 0 1 0 1 0 0 1 0 1 0 1 0 1 0 0 0 1 0 1 0 1 0 1 1 1 0 1 0 1 0 1 0 2 1 0 1 0 1 0 0 0 1 0 1 0 1 0 0 0 1 0 1 0 1 1 1 1 0 0 1 1
5th  1 0 0 0 2 2 0 1 0 0 0 1 1 0 2 0 1 1 1 0 0 1 1 0 0 1 1 0 0 1 1 0 0 1 1 0 0 1 1 2 0 0 1 3 1 0 0 1 1 0 0 1 1 0 0 1 1 0 0 1 1 0 0 1 1 0 1 0 1 1 0 0 0 1 1 0 0 1 1 0 0 0 0 1 1 0 0 1 1 0 0 1 1 0 0 1 1 0 0 1 1 0 0 1 1 0 0 1 1 0 0 1 1 0 0 1 0 1 0 0 1 1 0 0 1 1 1 0 1 1 0 0 1 1 1 0 1 1 0 0 1 1 0 0 0 1 1 0 0 1 1 0 0 1 1 0 0 1 1 0 0 1 1 0 0 0 1 1 1 1 1 0
6th  2 1 1 0 1 0 1 0 1 1 1 0 0 1 0 1 0 0 0 1 1 0 0 1 1 0 0 1 1 0 0 1 1 1 0 1 1 0 0 1 1 1 0 3 0 1 1 0 0 0 1 0 0 1 1 0 0 1 1 0 0 1 1 0 0 1 1 1 0 0 1 2 1 0 0 1 1 0 0 1 1 0 1 1 0 0 1 0 0 1 1 0 0 1 1 0 0 1 1 0 0 1 1 1 0 0 1 0 0 1 1 0 0 1 1 0 0 0 1 1 0 0 1 1 0 0 1 1 0 0 1 1 0 0 0 1 0 0 1 1 0 0 1 0 1 0 0 1 1 0 0 1 1 0 1 1 0 0 0 1 1 0 0 1 1 1 0 0 0 0 1 1
7th  0 2 1 2 1 2 0 0 0 0 0 1 1 0 0 1 0 1 3 0 1 1 0 0 0 0 1 1 1 1 0 0 0 0 1 1 1 1 1 0 0 0 0 1 0 1 1 1 1 0 0 0 0 1 1 1 1 0 0 0 0 1 1 1 1 0 1 0 0 0 1 1 1 1 1 0 0 0 0 1 1 0 1 0 1 1 0 1 1 1 0 0 1 1 0 0 0 0 1 1 1 1 0 0 0 1 1 0 1 0 0 1 0 1 1 0 0 1 0 0 1 0 1 1 0 1 0 0 1 0 1 0 0 1 1 0 1 0 1 1 0 1 0 2 0 1 0 1 1 0 1 0 0 1 0 1 1 0 0 0 1 1 1 1 0 0 0 1 0 1 0 1
8th  1 3 0 0 1 2 1 0 0 0 0 1 0 1 2 0 1 0 2 0 0 1 1 0 0 0 1 0 1 0 1 1 1 0 0 1 0 1 1 3 1 1 0 1 1 0 0 1 0 1 0 0 1 1 1 1 1 0 0 0 0 1 0 0 0 0 3 1 0 1 1 2 1 0 0 0 1 1 1 0 0 1 1 1 0 0 1 0 0 0 1 1 1 0 0 0 1 1 0 1 1 1 0 0 1 0 1 1 0 1 0 1 0 1 1 1 4 0 1 1 1 1 1 1 1 1 1 1 1 1 1 1 1 1 1 1 0 1 1 0 0 0 0 0 1 1 0 1 0 1 1 0 1 0 1 0 0 0 0 0 1 0 0 1 0 0 1 1 1 0 1 1
9th  1 2 0 1 1 0 0 1 1 0 0 0 0 1 1 1 0 1 2 0 0 0 1 0 1 1 0 1 0 0 1 1 1 1 0 1 1 0 1 0 0 0 1 2 1 0 1 1 0 0 1 0 0 0 1 1 1 1 0 0 0 1 0 0 0 1 1 1 1 0 1 0 1 1 1 1 1 0 0 1 0 1 1 0 1 0 0 1 0 0 0 1 0 0 1 0 0 1 1 0 1 0 1 0 1 0 1 1 0 1 0 1 1 0 1 1 5 1 1 1 0 0 1 1 1 1 0 0 0 0 0 1 0 1 1 1 0 1 0 1 1 1 0 0 0 1 0 1 1 0 0 1 1 0 1 1 0 1 1 1 0 0 1 1 1 1 1 1 1 0 1 1
10th  0 3 0 1 1 2 0 1 0 1 0 0 0 1 0 1 0 1 0 0 0 1 1 1 1 1 0 0 1 0 1 1 0 0 1 1 0 1 0 2 1 1 0 1 0 0 0 0 0 0 0 1 1 1 0 0 1 0 1 0 1 1 0 1 1 1 3 1 0 1 0 2 0 1 0 0 1 1 0 1 1 1 1 0 1 0 0 0 1 0 1 1 0 0 0 1 0 0 1 0 1 1 1 0 0 1 0 1 1 0 1 0 0 1 0 0 0 1 1 0 1 1 0 0 1 0 0 1 0 0 1 0 1 1 0 1 1 1 1 0 0 0 1 0 0 1 1 0 1 0 0 0 1 1 0 1 1 0 0 1 1 1 0 1 1 1 1 1 0 0 1 0
11th  0 1 1 1 0 2 0 1 1 1 0 0 0 0 2 1 1 0 0 0 1 1 0 0 1 1 1 0 0 0 0 1 0 0 1 0 0 1 1 0 0 1 1 3 0 1 0 1 0 1 1 0 0 1 0 0 1 1 1 0 1 0 0 0 1 0 1 1 1 0 0 1 1 1 0 0 1 1 1 0 0 1 1 0 1 0 1 0 0 0 1 0 1 0 1 1 0 1 0 1 1 0 0 0 1 1 0 0 0 1 1 0 0 1 0 1 5 1 1 1 1 0 1 0 0 0 1 0 0 1 0 1 1 1 1 0 1 1 0 0 0 0 0 2 0 0 1 1 0 0 0 0 1 1 0 1 1 1 0 1 0 1 0 1 1 0 0 1 0 0 1 0
12th  2 2 1 0 0 1 1 1 0 1 0 0 1 0 2 1 1 1 1 1 1 0 1 1 0 1 0 0 0 1 1 0 0 0 1 0 1 0 0 2 1 1 0 3 1 1 1 1 0 0 0 0 0 1 0 1 0 0 1 1 0 0 1 0 1 0 0 0 0 0 0 0 0 1 0 1 1 1 1 0 1 1 1 1 0 0 1 1 1 0 0 0 0 0 1 1 0 1 1 0 1 0 0 1 1 1 1 0 0 1 0 0 0 0 1 1 5 1 0 1 1 1 0 0 0 0 1 1 1 0 1 0 0 1 1 0 1 0 0 1 1 1 1 0 1 0 0 0 1 1 0 0 0 1 1 1 0 0 0 1 0 0 1 1 1 1 1 0 0 0 1 1
13th  0 3 0 2 0 1 1 0 0 1 1 1 0 0 2 1 1 1 1 1 0 1 0 0 1 0 1 0 0 0 1 1 0 1 1 0 0 0 1 3 1 0 0 3 0 1 1 0 1 1 1 1 1 0 0 1 0 0 1 0 1 1 1 0 0 0 2 1 1 1 1 2 0 0 0 0 1 0 0 1 1 1 0 1 1 1 1 1 0 1 1 1 1 0 0 0 1 1 1 0 1 0 0 1 1 0 0 1 1 1 0 1 0 1 1 0 0 0 0 0 0 1 1 1 0 0 0 1 0 1 0 0 1 0 1 0 1 1 1 1 1 0 0 2 1 0 0 1 0 1 1 0 1 1 0 0 0 1 0 0 1 0 0 1 1 1 0 0 0 0 1 1
14th  1 1 1 0 1 2 2 0 1 0 0 1 0 1 2 0 0 0 2 1 1 1 1 1 1 1 0 0 0 0 1 0 1 0 1 1 0 1 1 0 0 0 1 3 1 0 0 1 0 1 1 0 0 1 1 0 1 0 1 1 0 0 0 0 0 1 3 1 0 0 1 2 1 1 1 0 0 1 1 0 0 1 1 0 0 0 0 0 1 1 0 0 0 1 0 1 1 0 1 1 0 0 1 1 0 0 1 1 0 0 1 0 1 0 0 1 0 1 1 1 1 0 0 1 1 1 1 0 1 0 1 1 0 1 0 1 0 1 0 1 0 1 1 2 0 1 1 0 1 0 1 1 0 0 1 1 0 1 1 1 0 1 1 0 0 1 1 1 1 1 0 1
15th  2 2 1 1 2 0 0 1 0 1 0 1 1 1 2 1 0 0 1 1 0 1 0 0 0 0 1 1 0 1 0 1 1 0 0 0 1 0 1 3 1 1 1 0 1 0 0 1 0 1 0 0 1 0 1 1 1 1 1 0 1 1 1 1 0 0 3 1 1 0 0 2 0 1 1 0 1 0 1 0 0 0 1 1 0 1 0 0 1 1 1 0 0 0 0 0 0 1 0 0 1 1 0 0 1 0 0 1 1 0 1 1 0 0 1 1 0 0 1 1 1 0 0 0 1 1 0 1 0 1 1 1 1 1 1 0 0 1 1 0 0 0 0 2 1 1 0 1 1 1 1 1 0 1 1 1 1 1 0 1 0 0 0 0 0 0 0 1 0 0 1 1
16th  2 3 0 0 1 1 1 0 1 1 1 1 0 0 2 1 1 1 3 0 1 0 1 0 0 1 1 1 1 0 0 0 1 1 1 1 1 1 0 1 1 1 1 1 1 0 1 1 1 0 0 0 0 1 1 0 1 1 0 1 0 1 0 0 0 1 2 1 1 0 1 0 1 1 0 1 1 1 0 1 1 0 0 1 1 0 1 0 1 0 1 1 0 0 1 0 0 1 0 1 1 0 1 1 1 1 1 1 0 1 0 1 1 1 0 1 2 1 0 1 0 1 0 1 1 1 1 0 0 0 1 1 0 1 0 1 1 0 1 1 1 1 0 0 0 1 0 0 1 1 0 0 1 1 0 0 1 0 0 1 0 1 0 0 0 0 0 0 1 0 1 1
17th  2 0 1 0 2 1 2 0 0 1 1 0 1 1 1 0 0 1 3 1 1 1 0 1 0 1 0 0 1 1 0 0 0 1 1 1 1 0 1 1 0 0 0 0 1 1 0 0 1 0 0 1 0 1 0 0 0 1 1 0 1 0 0 1 0 0 4 0 0 1 0 1 1 0 1 1 1 0 0 1 0 1 0 1 1 1 1 1 0 0 0 1 1 1 0 1 0 0 1 0 0 0 1 0 1 1 1 0 0 0 1 1 1 1 1 1 0 1 1 0 1 1 0 0 0 0 1 0 0 0 0 1 1 1 1 1 0 0 0 0 1 0 1 0 1 1 1 0 1 0 0 0 0 1 0 0 1 1 1 1 1 0 1 1 0 0 1 0 1 1 0 0
18th  0 1 0 2 2 2 0 0 1 0 1 0 1 1 0 0 1 0 1 1 0 0 1 1 0 0 0 1 0 0 0 1 0 0 1 0 0 1 0 0 0 0 1 0 0 1 1 1 0 1 0 0 1 1 1 1 0 1 0 1 0 0 1 1 1 1 4 0 1 1 0 2 0 1 0 1 1 1 0 1 0 0 1 0 0 0 0 0 0 0 1 1 1 1 1 1 1 1 0 1 1 1 0 1 0 0 1 0 1 0 0 0 1 0 0 0 0 0 0 1 0 1 1 1 1 1 0 0 1 0 0 0 0 0 0 1 1 0 1 1 0 1 0 1 1 0 1 0 0 1 0 1 1 0 0 1 1 0 0 0 0 1 0 0 1 0 1 0 1 1 1 0
19th  1 2 1 2 0 2 0 1 1 1 0 1 0 0 1 1 1 0 0 0 1 1 0 1 1 0 1 0 0 1 0 1 0 0 0 0 0 1 1 3 1 0 0 3 0 1 1 0 0 0 1 1 0 1 0 1 0 0 0 1 1 1 0 0 1 1 4 1 0 0 1 0 0 0 1 0 0 1 1 0 1 0 1 1 1 1 1 0 0 1 1 1 1 0 1 1 0 0 0 0 1 0 0 0 0 1 0 0 0 1 0 0 0 0 1 0 0 1 0 1 1 0 1 0 0 1 0 0 1 1 1 0 1 1 1 0 0 1 0 0 1 1 1 1 0 0 0 0 0 0 0 1 1 0 1 0 0 1 1 0 1 1 1 1 1 1 1 0 0 1 0 0
20th  1 2 1 1 1 0 0 1 1 0 1 1 0 1 1 0 0 0 3 0 0 0 1 0 1 0 0 1 0 0 1 0 1 1 0 0 1 0 1 2 0 0 1 2 1 1 0 1 1 1 0 0 0 0 1 1 1 1 1 0 0 1 1 0 1 0 4 0 1 0 1 1 0 1 0 1 0 1 0 1 1 0 0 0 0 0 0 1 1 1 1 1 0 1 0 0 1 1 1 0 0 0 1 1 1 1 0 1 1 1 1 1 0 1 0 1 0 1 0 0 0 0 0 1 0 0 1 1 0 0 1 1 0 0 0 0 1 0 0 1 1 1 0 2 0 1 1 0 1 1 1 0 0 1 0 0 0 1 1 1 0 0 0 0 0 1 1 1 1 0 1 0
21th  1 0 1 2 1 0 2 0 1 1 1 0 1 1 0 1 0 1 1 0 0 1 1 0 0 1 1 0 1 1 0 0 1 1 0 1 0 1 1 2 0 1 0 2 1 0 1 1 0 1 1 1 0 1 0 0 0 1 0 0 0 1 1 0 0 1 0 0 1 1 1 0 1 1 0 0 0 0 1 0 1 1 1 0 1 0 0 0 1 0 0 0 1 0 0 1 0 1 0 1 0 1 1 0 1 1 0 1 1 1 0 0 1 0 0 0 1 0 1 0 0 1 0 1 1 0 1 1 0 0 1 1 0 1 1 0 1 0 1 0 1 0 0 0 1 0 0 1 1 0 1 1 1 0 1 1 0 1 0 0 0 1 1 0 1 0 0 0 0 1 0 1
22th  2 1 0 1 0 1 2 1 0 0 1 1 0 0 1 1 1 1 0 1 1 0 0 1 1 0 0 1 0 0 0 1 1 0 1 1 1 1 1 2 0 0 1 3 1 0 0 0 1 0 1 0 1 0 1 0 1 1 0 1 1 0 0 1 0 0 0 1 0 0 0 0 0 1 0 1 1 0 0 1 1 1 0 1 0 1 1 1 0 1 0 0 0 1 1 0 1 0 0 1 1 1 0 1 0 0 0 1 1 0 1 0 0 1 1 1 1 0 1 1 1 0 1 0 1 1 0 1 1 1 0 0 1 0 0 1 0 1 1 1 0 0 1 0 0 1 0 0 0 1 0 0 0 1 0 1 1 0 0 0 1 0 1 1 0 1 1 1 0 0 1 1
23th  1 2 0 0 1 1 1 0 1 0 0 0 0 0 2 0 1 0 3 0 1 0 1 1 0 1 0 1 1 1 1 0 0 0 0 0 1 0 0 1 1 1 1 0 0 1 1 0 1 0 0 0 0 1 0 0 1 0 1 1 0 0 0 0 1 1 0 0 1 0 1 1 1 0 1 0 1 1 0 1 0 0 0 0 1 0 0 1 0 1 1 0 0 0 1 0 1 1 1 1 1 0 0 0 1 1 1 0 0 1 1 1 0 0 0 1 1 1 1 0 1 1 1 0 1 0 0 0 0 1 1 0 0 0 0 0 0 1 1 1 0 1 0 2 0 0 1 1 1 1 1 1 0 0 1 0 0 0 0 1 0 1 0 1 1 0 0 1 1 0 1 0
24th  2 3 1 0 0 1 2 0 1 1 1 0 1 0 0 1 1 1 3 1 0 0 0 0 1 0 0 1 0 0 0 0 1 1 0 0 0 0 0 2 0 1 1 2 0 1 0 0 1 0 0 1 0 0 1 1 0 1 0 0 0 0 1 1 0 1 1 0 0 1 0 2 0 0 0 1 1 1 1 1 1 1 1 1 0 0 1 1 1 0 0 1 0 0 0 1 1 1 0 0 0 1 0 0 0 0 0 0 1 0 1 1 0 0 1 1 5 1 1 1 0 1 1 0 1 1 0 1 0 1 0 0 1 1 1 0 1 1 1 1 0 0 1 1 0 0 0 0 1 0 1 1 1 0 0 1 0 1 1 0 1 0 0 0 0 1 1 1 0 0 1 1
25th  2 1 1 2 1 2 0 0 0 0 0 1 0 0 2 1 1 1 1 1 1 1 1 0 0 1 0 0 1 1 1 0 1 1 0 1 1 1 1 3 1 1 1 2 0 0 0 1 0 0 0 0 0 1 1 1 0 0 1 1 0 1 0 0 1 1 3 0 1 0 0 2 1 1 1 0 1 0 1 1 0 0 1 1 1 1 1 1 1 0 0 1 0 1 1 1 1 0 0 1 0 0 0 0 1 1 1 0 1 1 0 1 1 1 0 0 3 0 1 1 1 1 1 1 0 0 0 0 1 0 0 1 0 1 1 0 1 0 0 1 1 1 1 0 0 1 1 0 0 1 0 1 0 0 0 1 1 0 1 1 0 1 0 0 1 0 1 0 0 0 1 0
26th  0 1 1 2 0 2 0 0 0 0 0 0 0 1 2 1 0 0 1 1 0 1 0 0 0 1 0 1 1 1 1 0 1 1 0 1 1 0 1 3 0 1 0 0 1 1 0 1 1 1 0 0 0 0 0 0 0 1 0 1 1 1 1 1 0 0 1 0 1 0 0 2 1 0 0 1 0 0 1 0 0 1 1 1 0 1 0 1 1 1 0 1 1 0 1 0 0 1 1 0 0 1 1 0 0 0 0 0 1 0 1 1 1 0 1 1 1 1 0 0 0 0 0 1 0 0 1 0 0 1 0 1 0 1 0 0 0 1 0 1 0 0 1 1 0 1 0 1 1 0 1 1 1 1 0 1 1 0 1 1 1 1 0 1 0 1 1 0 0 1 0 0
27th  0 3 1 2 1 0 1 1 1 1 1 0 1 1 0 0 1 1 2 1 0 1 1 1 0 0 1 1 1 0 1 0 0 1 1 1 1 1 1 2 0 1 0 0 0 1 1 0 1 1 1 0 0 1 1 1 0 1 0 0 1 0 1 0 0 1 1 1 0 1 0 0 1 0 1 1 1 1 1 0 1 1 0 1 0 1 1 0 1 0 0 0 0 1 0 1 1 0 0 1 0 0 0 1 0 0 1 1 1 1 0 0 0 1 1 1 1 1 1 0 0 1 1 0 0 0 0 0 0 0 0 1 1 1 1 0 1 0 0 0 1 1 0 0 1 0 1 1 0 0 0 0 0 0 1 1 1 1 0 0 1 0 1 0 0 1 0 1 1 1 0 0
28th  2 1 0 1 2 0 1 1 0 1 0 1 0 1 1 0 1 1 1 0 1 1 1 1 1 1 0 1 0 0 1 1 0 0 1 1 0 1 1 1 0 0 1 2 0 0 0 0 0 1 1 1 0 1 0 0 1 0 1 1 0 1 0 1 0 0 2 0 1 1 1 1 0 1 1 1 1 0 1 0 1 1 1 0 1 1 1 1 0 0 1 0 1 0 1 1 1 0 0 1 0 0 1 1 0 0 0 1 0 0 0 0 1 0 0 0 1 1 1 1 1 0 0 1 0 1 1 0 1 0 1 1 0 0 1 1 0 1 1 1 0 0 1 2 1 0 0 0 0 1 1 1 0 0 1 0 0 1 1 0 0 1 0 1 1 0 0 1 1 0 1 1
29th  0 0 1 2 2 0 1 0 1 1 0 1 0 0 1 1 1 0 3 1 0 0 0 0 0 0 0 1 0 1 1 1 1 1 0 1 1 1 1 1 1 0 0 3 1 1 0 0 0 0 1 1 0 1 1 1 0 1 0 1 0 0 0 1 1 0 1 1 0 1 1 1 0 1 0 0 0 1 0 1 1 0 1 1 0 0 1 0 1 1 0 0 0 0 1 1 1 1 0 0 1 1 1 1 1 1 1 1 0 1 1 0 1 1 1 0 1 0 1 1 0 1 0 0 1 1 1 1 1 1 0 0 0 0 1 0 0 0 0 0 0 0 1 1 1 0 0 0 1 0 1 0 1 0 1 1 1 1 0 0 1 0 1 1 0 1 1 0 0 1 0 1
30th  0 1 0 1 2 0 1 0 0 0 0 1 1 0 2 1 1 0 0 0 1 1 1 0 0 0 1 1 0 1 0 0 0 0 1 0 1 1 0 1 1 1 1 0 0 0 1 1 1 0 0 0 1 0 1 0 1 0 1 0 1 1 1 1 1 1 4 0 0 1 1 1 1 0 1 0 1 0 0 1 0 0 0 0 1 1 0 1 1 1 0 1 1 1 0 0 0 0 1 1 1 1 0 0 0 1 0 1 1 0 0 0 1 0 0 1 1 0 0 1 1 1 1 1 0 0 1 1 1 1 1 0 0 1 1 1 1 1 1 1 1 1 0 0 0 0 0 0 0 1 0 0 1 1 1 0 0 1 1 0 0 0 1 0 0 1 1 0 0 0 1 0
31th  1 2 0 0 0 2 0 0 0 0 1 0 0 0 2 1 0 1 0 0 1 0 0 1 1 0 0 0 0 0 0 1 1 0 0 0 0 0 0 2 0 0 0 0 0 0 1 0 0 1 0 1 0 0 0 1 1 0 1 0 0 1 0 0 0 0 2 1 1 0 0 0 1 0 0 0 1 0 0 1 0 0 1 0 1 0 1 1 0 1 1 0 1 1 0 1 1 1 1 1 0 1 1 1 1 0 1 0 0 0 1 1 0 1 1 0 1 1 0 1 0 0 0 0 1 1 0 1 0 0 1 1 1 1 0 1 1 1 0 0 1 0 0 1 1 0 1 0 0 0 1 1 0 1 0 0 0 0 0 1 1 1 1 1 1 0 0 1 0 1 0 1
32th  1 3 1 0 1 1 2 0 0 1 0 1 1 1 2 1 1 1 0 1 0 1 0 0 0 1 0 0 1 1 1 0 1 1 1 0 1 1 1 3 1 0 1 0 1 1 1 1 1 1 0 0 0 1 1 1 0 1 0 0 1 0 1 0 1 1 2 0 1 0 1 2 0 1 0 0 0 1 0 1 1 1 0 1 0 0 0 0 0 1 1 1 1 0 1 0 0 0 0 0 1 1 0 1 1 1 0 0 1 0 1 0 1 1 0 0 1 1 1 0 1 1 1 1 1 0 0 0 1 1 0 0 1 0 0 1 1 0 1 1 0 1 1 2 0 1 1 0 1 0 0 0 1 1 0 1 1 1 1 1 1 0 1 0 1 1 1 0 0 1 0 1
33th  2 1 1 0 1 0 0 1 1 0 1 1 0 1 1 0 0 0 3 1 0 0 1 0 0 0 0 1 0 0 0 1 0 0 0 0 1 0 1 0 0 0 0 0 1 1 1 1 1 1 0 0 1 0 0 1 1 0 0 0 1 1 1 0 1 1 4 0 1 1 0 2 0 0 1 1 0 0 1 0 0 1 1 1 0 0 1 0 0 1 1 1 1 1 1 1 1 1 0 1 0 0 0 1 0 1 1 1 1 0 1 0 1 1 0 1 1 0 0 0 0 0 0 0 0 0 1 1 0 0 1 1 1 1 1 1 1 0 0 0 0 0 1 2 1 0 0 1 1 1 1 0 0 1 0 0 1 1 1 1 0 0 0 0 1 1 1 0 1 0 1 1
34th  1 3 0 1 0 2 1 1 1 0 1 0 1 0 0 0 0 0 3 1 0 0 0 1 0 1 1 0 0 0 0 0 0 1 0 1 0 0 0 2 0 1 0 3 1 1 0 0 0 0 0 0 0 1 1 0 0 1 0 0 1 0 0 0 1 1 3 0 1 1 0 1 0 0 0 1 0 1 0 1 0 1 0 1 1 0 0 0 0 0 0 1 0 1 0 1 0 0 0 1 1 0 0 0 1 1 0 0 0 1 0 1 0 0 0 1 1 0 1 0 0 0 0 0 1 1 0 0 0 0 1 0 1 0 0 0 1 0 0 0 1 0 0 2 0 1 1 1 0 1 0 1 0 0 1 0 1 0 0 0 1 0 0 0 0 1 1 0 1 1 0 0
35th  0 2 0 0 1 1 0 1 1 0 1 0 1 1 1 1 1 1 3 0 1 1 1 1 1 1 0 1 1 1 1 0 1 1 1 0 0 1 1 0 1 1 1 2 1 0 0 0 1 0 1 0 0 0 0 0 0 1 1 1 1 0 0 1 0 0 3 0 1 0 0 1 1 1 0 1 1 0 1 0 1 1 1 0 0 1 1 1 1 1 1 1 1 0 0 0 1 1 0 0 0 0 1 0 1 1 0 1 1 1 1 0 1 0 1 1 1 1 1 0 0 1 0 1 1 0 1 1 0 1 0 0 1 1 1 0 0 1 0 1 0 1 1 2 1 0 0 0 0 0 1 0 0 1 0 0 1 0 1 0 0 1 1 0 0 1 1 1 1 1 0 0
36th  0 0 1 2 0 2 2 0 0 0 0 0 1 1 0 1 0 0 2 1 0 0 0 0 1 1 0 0 0 1 0 0 0 0 0 1 0 0 1 2 1 0 1 2 0 1 0 0 1 0 1 1 0 1 1 0 0 1 1 1 1 1 1 1 1 1 4 1 0 1 0 0 1 0 0 1 1 1 0 1 1 0 0 1 1 0 1 1 1 0 0 0 1 0 1 1 0 0 0 0 0 0 0 0 1 0 0 0 1 1 0 0 1 0 0 0 1 1 1 0 0 1 1 0 1 1 1 0 1 0 0 1 1 0 0 1 1 0 0 0 1 1 0 1 1 0 1 0 0 1 0 0 0 1 1 0 1 1 1 0 0 0 1 1 1 1 0 1 1 1 0 1
37th  1 0 0 0 0 2 1 1 0 1 0 1 0 1 0 0 1 1 1 0 0 1 0 0 1 1 0 1 1 0 1 1 1 0 1 1 1 1 0 0 1 1 0 1 0 0 0 0 1 1 1 0 1 0 0 0 0 0 0 1 1 0 1 0 0 0 4 1 0 1 1 1 1 0 1 0 1 0 1 0 1 0 0 1 1 0 0 0 1 1 0 0 0 0 1 0 1 1 0 1 0 1 0 1 0 0 0 1 0 0 1 0 1 1 0 0 1 0 1 1 1 1 1 1 0 0 0 1 0 1 1 1 0 0 0 1 0 1 1 1 0 0 1 1 0 0 0 1 1 1 1 0 0 1 1 1 0 0 0 1 0 0 0 1 1 1 0 1 1 0 1 1
38th  2 0 0 2 1 0 1 1 0 0 0 1 0 0 2 0 1 1 3 0 1 1 1 1 1 1 0 0 1 1 0 1 0 1 1 1 0 0 0 1 0 1 0 1 0 1 0 1 1 1 0 1 1 1 0 0 0 0 1 0 1 0 1 0 0 0 4 0 0 1 0 1 0 0 1 1 0 0 1 0 1 0 1 0 0 0 1 0 0 1 1 0 1 1 1 1 1 1 0 0 1 1 0 1 1 0 1 0 0 0 1 1 1 0 0 0 5 1 1 0 1 0 0 1 0 0 0 1 0 0 0 1 0 1 0 0 1 0 1 0 0 0 0 2 0 1 1 1 0 0 0 1 0 0 0 1 0 0 0 1 1 1 1 1 1 1 1 0 1 1 1 1
39th  1 2 1 2 2 1 2 0 0 1 0 0 0 0 0 1 0 0 1 0 0 0 1 1 1 0 1 0 0 1 1 0 1 0 0 1 0 0 0 3 1 1 0 3 1 0 1 1 0 1 1 0 1 0 1 0 0 1 1 0 1 0 1 0 0 1 4 0 0 0 1 0 1 0 1 1 0 1 1 0 0 1 1 1 0 0 1 0 0 0 0 0 0 0 1 0 0 1 1 0 0 1 0 0 0 1 1 0 0 1 0 1 1 0 0 1 1 0 1 1 1 1 0 1 0 0 1 1 1 1 0 0 0 1 0 1 1 0 1 0 1 1 1 0 1 1 0 1 1 1 0 1 1 0 1 1 0 1 1 1 0 0 1 0 1 1 0 0 0 0 1 1
40th  0 3 0 1 1 2 2 0 0 0 0 1 1 1 2 0 0 1 0 1 1 1 1 1 0 1 1 0 1 0 0 0 0 1 0 1 1 0 0 1 0 1 0 1 1 0 0 0 0 0 0 1 1 1 1 0 1 0 0 1 0 0 0 1 0 0 4 1 1 0 0 0 1 1 0 0 1 1 0 1 0 0 0 0 0 1 0 1 1 1 0 0 0 1 0 0 0 0 0 1 1 1 1 1 1 0 1 1 1 0 1 1 0 1 1 1 1 1 1 1 0 0 0 0 1 1 0 0 0 0 0 1 1 1 1 0 0 1 1 1 0 0 0 2 0 1 1 1 1 0 1 1 0 0 1 1 1 0 0 0 1 1 0 1 0 0 0 1 1 1 0 0
41th  0 0 1 1 1 2 2 1 0 0 0 1 1 1 0 0 1 1 2 1 1 0 1 0 1 0 0 1 1 0 0 1 0 0 1 0 0 0 1 1 1 1 0 3 0 1 0 0 0 0 0 1 0 1 0 1 1 0 1 0 1 1 1 1 1 1 0 1 1 1 0 2 0 1 1 0 1 1 0 1 1 0 1 0 0 1 0 0 0 0 1 1 1 0 1 1 1 0 0 0 0 0 0 0 1 0 1 1 0 0 1 0 0 1 1 0 2 1 0 0 0 0 0 1 0 0 1 1 1 0 1 1 0 1 1 0 1 0 0 1 0 1 0 0 1 0 1 0 0 1 1 1 0 1 0 0 1 0 1 1 1 0 0 1 0 0 0 1 1 1 1 1
42th  2 1 1 2 2 0 0 1 1 1 1 0 1 0 2 0 0 1 1 0 0 1 0 1 0 1 1 1 1 1 0 0 1 1 0 1 1 1 0 0 0 0 1 1 1 0 1 0 1 0 1 1 1 0 1 0 1 1 0 1 0 0 0 0 1 1 0 0 0 1 1 2 1 0 1 1 0 0 1 0 0 0 0 1 1 1 1 1 1 0 1 1 0 1 1 0 0 1 1 1 1 0 0 1 0 1 0 0 1 0 0 1 1 0 0 1 2 0 1 1 0 1 1 0 0 1 0 0 0 1 0 0 1 0 1 1 0 1 0 0 1 0 1 1 0 0 1 0 1 0 0 0 1 0 1 1 0 1 1 0 0 1 1 1 1 1 1 0 1 0 1 0
43th  2 2 0 0 0 1 2 0 1 0 1 0 1 0 1 0 0 0 1 1 0 0 1 0 1 1 0 1 1 0 0 0 0 1 1 1 1 1 0 1 1 1 1 1 1 1 1 1 1 1 0 1 1 0 1 0 1 0 0 0 0 1 0 0 1 1 3 0 0 1 1 0 1 0 0 1 1 0 1 0 0 1 0 0 1 1 0 0 1 0 0 1 1 1 0 1 1 1 1 1 1 1 0 0 0 0 1 0 0 1 1 0 1 0 0 0 4 0 1 1 1 1 0 0 0 0 0 0 1 1 0 0 1 0 1 1 1 1 0 0 1 1 1 2 0 1 1 0 1 1 1 0 1 1 0 0 1 1 1 1 0 1 1 0 0 0 0 0 1 0 1 0
44th  1 3 1 1 1 2 1 0 0 0 1 1 0 0 0 0 0 0 3 1 1 1 0 1 0 0 0 1 0 0 1 0 1 1 1 1 0 0 1 2 0 1 1 2 0 1 1 1 1 0 1 0 0 0 1 0 0 1 0 0 1 1 0 1 0 0 0 1 0 0 1 0 1 0 0 1 1 0 0 1 1 1 1 0 1 0 1 1 0 1 0 0 1 1 0 0 0 0 0 0 0 1 1 0 1 0 1 0 0 1 1 1 1 0 1 0 2 0 1 1 1 0 0 0 1 1 1 0 1 1 1 1 1 0 1 1 0 0 1 1 0 0 0 1 0 1 0 1 0 0 1 1 0 0 1 1 1 1 0 0 1 0 1 1 0 0 1 0 1 1 0 1
45th  2 1 0 1 1 1 2 1 0 0 1 0 0 1 1 0 0 0 2 1 1 0 0 1 0 0 1 0 1 1 0 0 1 0 1 0 1 1 1 1 1 1 0 0 0 0 0 0 1 1 1 1 1 1 1 1 1 1 0 1 1 1 1 1 1 0 3 0 0 1 0 1 0 1 1 0 0 1 0 1 1 0 0 1 0 0 1 1 1 0 0 0 1 1 0 1 0 0 0 0 1 0 1 1 1 0 0 1 0 1 0 1 0 1 1 1 5 0 1 0 1 0 1 0 1 1 1 0 0 0 0 1 1 1 1 0 0 0 1 1 0 0 1 2 0 1 0 0 1 1 0 0 1 0 0 1 0 1 0 1 1 0 1 1 0 1 0 1 1 0 1 1
46th  0 3 0 0 2 1 2 0 1 1 0 0 0 0 1 1 0 1 2 0 1 0 1 0 1 0 0 1 0 1 0 0 0 1 0 1 1 0 0 3 0 0 0 0 0 0 1 1 0 1 1 1 1 0 0 1 0 1 1 1 0 1 1 0 1 1 1 1 1 1 1 2 0 0 0 0 0 0 1 1 1 0 0 0 0 0 1 1 1 0 0 0 0 0 0 0 1 1 1 1 0 0 1 1 1 0 1 1 0 1 0 1 0 1 0 0 2 0 0 0 1 1 0 0 0 1 0 1 0 1 1 1 0 0 1 0 1 0 0 0 1 0 0 1 0 0 1 1 1 1 1 0 0 1 0 0 1 0 1 0 0 0 0 1 1 1 0 1 0 1 0 0
47th  2 2 0 1 1 2 2 0 1 1 1 0 0 1 2 0 1 1 1 1 0 0 0 0 1 1 0 0 1 0 0 1 0 1 0 0 0 0 0 0 0 0 0 3 0 1 1 0 1 0 0 1 1 1 0 0 1 1 0 0 1 0 0 0 0 1 1 0 1 1 0 2 0 0 0 1 1 1 0 1 1 1 0 0 1 0 1 1 0 0 1 1 0 1 1 1 0 0 1 0 1 0 1 0 0 1 0 1 0 1 0 0 0 1 1 0 2 1 0 1 0 0 1 1 0 0 1 1 0 0 0 0 0 0 0 1 1 0 0 0 1 1 0 2 0 1 1 0 1 0 0 0 1 0 1 0 0 1 1 1 1 0 1 1 1 1 1 0 1 0 1 1
48th  2 3 1 2 0 1 2 1 0 0 1 1 1 0 2 1 0 0 0 0 0 0 1 1 1 0 1 1 0 0 0 1 0 1 1 0 0 1 1 3 0 1 1 3 1 1 0 0 0 1 1 0 1 0 1 1 0 0 0 1 1 0 1 1 1 0 1 1 0 1 0 1 0 0 1 0 0 1 1 0 1 0 1 1 0 0 0 0 1 0 1 0 1 1 1 1 0 0 0 1 0 1 0 0 0 0 0 0 0 0 1 0 0 0 0 1 2 0 1 1 0 0 0 0 1 1 0 0 1 0 1 1 1 1 1 1 0 1 0 0 0 1 0 2 1 0 0 1 0 0 1 0 0 0 0 1 1 0 0 0 0 1 0 1 0 0 1 1 0 1 0 0
49th  1 0 1 0 2 2 0 0 1 0 0 1 1 0 0 0 1 0 0 1 1 1 0 1 0 1 1 0 1 0 1 0 1 0 1 1 1 0 1 2 1 1 0 2 0 0 0 0 0 1 1 0 0 1 0 1 1 1 1 1 1 1 1 0 0 1 2 0 1 1 1 0 1 1 0 1 1 0 1 0 0 0 1 0 0 1 0 1 0 1 0 0 0 0 0 0 1 0 1 1 0 0 0 1 0 0 1 1 1 1 0 0 1 0 1 1 2 1 1 0 1 0 1 1 1 1 0 0 0 0 1 0 0 0 0 0 0 1 1 1 1 0 1 1 1 1 1 1 1 1 1 1 0 0 1 1 0 1 1 1 0 1 0 0 1 1 0 1 1 0 1 0
50th  0 1 1 2 1 2 2 1 0 1 1 0 1 0 0 0 1 0 1 0 1 1 0 1 1 0 0 1 1 1 1 0 0 0 1 0 1 1 1 3 0 0 0 0 0 1 0 1 0 0 0 1 0 0 0 0 0 0 1 0 0 0 0 1 0 0 2 1 0 0 1 1 0 0 1 1 0 1 0 1 1 0 0 1 1 1 1 0 0 0 1 1 0 1 0 1 1 1 0 0 1 0 0 1 1 1 1 0 1 1 0 1 0 1 0 1 2 0 1 0 0 1 1 0 0 0 1 0 1 0 0 1 1 1 1 1 0 0 0 1 1 1 1 0 0 0 0 0 0 0 0 1 0 1 0 0 1 0 0 0 0 0 0 1 0 0 0 1 1 0 1 0
51th  1 2 1 1 0 1 0 1 1 0 1 1 0 0 0 1 0 0 2 0 1 1 0 0 1 1 1 1 1 0 1 1 1 1 0 1 1 0 1 0 1 1 0 0 1 0 0 1 0 1 0 1 1 1 1 0 1 0 0 0 0 1 0 1 1 0 2 0 1 1 1 2 1 1 0 0 1 0 1 0 1 1 1 1 1 1 1 0 0 0 1 0 1 1 1 0 1 0 1 0 0 1 1 0 1 0 0 1 1 0 1 1 1 1 0 0 2 1 1 0 1 1 0 1 0 0 1 0 1 1 1 1 0 0 0 1 0 0 1 1 0 0 1 0 1 1 0 1 1 1 0 1 1 0 1 0 1 0 0 0 1 1 1 1 1 0 1 0 0 0 1 1
52th  1 3 0 0 1 0 1 1 1 1 0 0 1 1 2 0 1 1 3 1 0 0 1 1 0 0 1 1 0 1 0 1 0 0 0 1 0 0 0 1 0 0 0 1 1 0 1 1 0 0 0 1 1 1 0 1 0 1 0 1 1 0 0 1 0 1 2 0 0 0 0 2 0 1 1 1 0 0 1 1 1 0 1 0 0 1 0 0 1 1 0 1 0 0 1 1 0 1 0 0 0 0 1 0 0 0 0 1 0 1 0 0 0 0 1 1 2 0 0 0 0 0 1 0 0 1 1 1 0 0 0 0 0 1 1 0 1 0 0 0 0 1 0 2 0 1 0 0 0 0 0 0 1 1 1 1 0 1 0 1 0 0 0 1 0 1 0 1 1 1 0 1
53th  0 3 1 2 0 2 1 0 0 0 0 0 0 1 1 0 0 0 2 1 1 0 1 1 0 0 0 0 0 1 0 0 1 1 0 0 0 1 1 2 0 0 0 1 0 0 1 0 1 0 1 1 0 1 1 0 1 0 0 0 1 0 0 1 1 1 4 1 0 0 0 1 0 0 1 1 0 1 0 1 0 0 0 1 0 1 1 1 1 1 1 1 1 1 1 0 1 0 0 0 0 1 1 1 0 1 0 0 0 0 1 0 0 1 0 0 2 1 0 1 0 1 0 0 0 0 0 1 1 1 1 0 0 1 0 1 1 1 0 0 0 0 0 0 1 0 0 0 1 0 0 1 1 0 0 1 1 1 1 0 1 0 1 0 0 1 1 0 1 1 0 1
54th  2 1 1 0 0 0 2 1 0 1 1 1 0 1 1 1 1 1 0 1 0 1 0 0 0 0 0 1 0 0 0 0 0 0 1 0 0 0 0 1 0 1 0 0 0 1 1 0 1 0 0 0 0 0 0 1 0 0 1 0 0 1 1 0 1 0 3 1 1 1 1 2 1 1 1 0 1 1 0 1 0 1 1 1 1 0 0 1 0 0 0 0 1 0 0 1 0 0 0 1 1 0 0 1 1 1 1 0 0 0 0 1 0 0 0 0 2 1 0 1 1 0 1 1 0 1 1 1 1 1 0 1 0 1 1 0 1 0 1 1 1 1 1 1 0 0 0 0 0 1 1 0 0 1 1 0 0 0 1 1 1 0 1 0 0 1 0 0 0 0 1 1
55th  1 2 0 2 1 0 0 0 0 1 0 0 1 1 2 0 0 1 3 1 1 0 1 0 0 0 1 0 1 0 0 1 0 0 1 1 1 0 0 2 1 1 1 3 0 0 1 1 0 1 1 1 0 1 1 0 0 1 0 0 0 0 1 1 1 0 3 0 0 1 0 2 0 0 1 1 1 0 0 1 1 0 0 0 0 0 0 0 1 0 0 1 1 1 0 0 0 0 1 1 0 1 0 1 1 0 1 0 0 0 1 0 1 0 1 0 2 0 1 1 1 1 1 0 1 0 0 1 0 0 1 1 1 1 1 1 0 0 0 1 1 0 0 1 1 0 0 0 0 1 0 0 0 1 0 1 1 0 0 0 0 0 0 1 1 0 1 0 1 1 0 1
56th  2 2 0 1 2 1 1 1 1 0 0 1 0 1 2 0 1 0 2 0 0 0 1 0 0 0 0 1 0 1 0 1 1 1 1 0 0 1 1 3 1 0 1 2 0 1 1 1 1 0 0 1 0 1 0 1 1 1 0 0 1 0 0 1 1 1 3 0 0 1 0 1 1 0 0 1 0 0 0 1 0 0 1 0 1 1 1 0 0 0 1 1 1 0 0 1 0 0 1 1 1 1 0 0 0 1 0 0 1 0 0 1 1 1 0 0 2 1 1 0 1 0 0 1 1 0 0 0 1 1 0 0 0 1 0 1 1 0 0 0 0 1 1 1 0 1 1 1 0 1 0 1 0 1 0 0 0 1 1 1 0 1 1 1 0 0 0 1 1 1 0 1
57th  0 2 0 2 2 1 2 1 0 0 1 0 1 0 0 1 1 0 2 1 0 1 1 0 1 1 1 1 1 0 0 0 1 0 1 1 1 1 1 1 1 1 1 0 1 1 0 0 1 0 0 0 1 0 1 0 1 1 1 1 0 1 0 1 1 0 1 1 1 1 0 0 0 0 0 0 1 1 0 1 1 1 0 0 1 1 0 1 1 0 1 0 0 0 1 1 0 1 1 0 1 1 1 0 0 1 0 0 1 0 1 0 1 0 1 1 0 1 1 0 0 0 1 0 1 1 0 1 0 0 1 0 0 0 1 0 1 1 1 1 1 0 1 0 1 0 1 0 0 0 1 0 1 1 0 1 1 0 0 0 1 1 1 0 1 1 0 1 0 0 1 1
58th  2 0 1 0 0 2 0 0 1 0 1 1 0 0 0 0 1 0 3 0 1 0 0 0 0 0 0 1 0 1 1 1 0 1 0 0 1 1 1 3 0 0 1 1 1 0 0 1 0 1 1 1 1 0 1 0 0 1 0 0 1 0 1 1 0 1 4 1 1 1 0 0 1 0 1 0 1 0 1 0 1 0 0 0 0 0 1 1 0 1 1 1 1 1 0 1 0 1 0 0 0 0 1 0 1 0 1 1 1 1 1 0 1 0 1 1 2 0 0 0 1 1 0 1 1 1 1 0 1 1 0 0 1 1 0 0 1 1 0 0 0 1 0 0 1 0 1 0 0 0 1 0 0 1 0 1 1 1 1 1 0 0 0 0 0 0 0 1 1 1 0 1
59th  1 2 0 2 2 0 0 0 0 0 0 0 1 0 2 0 0 1 2 0 1 1 0 1 1 0 1 0 0 0 1 0 1 1 1 1 1 1 0 1 1 1 1 0 0 0 0 1 0 1 1 0 1 0 1 0 1 0 0 1 0 0 1 0 0 0 0 0 1 0 0 1 1 0 0 1 0 0 1 0 0 1 0 0 1 1 1 0 1 1 0 0 0 0 1 0 0 0 1 0 1 1 1 1 0 0 0 1 1 1 1 1 1 0 0 1 2 0 0 1 1 1 1 0 0 0 1 1 1 1 0 1 1 0 1 1 1 1 1 1 1 0 0 1 0 1 1 0 1 0 0 0 0 0 0 1 0 1 1 0 1 1 0 0 0 1 0 1 1 1 1 1
60th  0 3 1 2 0 0 0 0 1 0 0 1 0 0 1 1 0 1 1 1 0 1 1 1 0 1 1 0 1 1 0 1 1 1 0 1 0 1 0 1 1 0 0 3 0 1 0 0 1 1 1 0 0 1 0 1 1 0 1 1 1 1 0 0 1 1 4 1 0 1 1 2 1 1 0 0 0 0 1 0 1 1 0 0 1 1 1 0 1 0 1 0 1 1 0 0 1 0 1 1 1 0 0 0 0 1 0 1 0 1 1 1 0 1 0 1 2 1 1 0 1 0 1 1 1 1 0 0 0 0 1 0 1 0 0 0 1 0 1 0 1 1 0 1 1 1 0 1 0 1 1 0 0 0 0 0 0 0 1 0 1 1 1 0 1 1 0 1 0 1 0 0
61th  1 2 1 1 2 2 0 1 0 1 0 0 1 0 2 1 0 0 1 1 1 0 1 1 0 1 1 0 1 1 0 0 1 0 0 0 1 0 1 0 1 1 0 3 0 1 0 0 1 1 0 0 0 1 1 1 0 0 1 1 1 0 1 0 0 1 0 1 0 0 0 0 0 1 0 0 0 1 1 0 1 1 0 0 0 1 1 0 1 1 1 0 0 1 1 0 1 0 0 1 1 0 0 0 1 1 1 1 1 1 1 1 0 1 1 0 3 1 0 1 0 0 0 0 0 0 1 1 1 0 1 1 1 0 1 1 0 0 1 1 0 1 1 2 0 1 0 0 1 0 1 1 1 0 1 0 1 0 1 0 0 1 1 0 0 0 1 0 1 0 1 0
62th  0 1 0 2 0 2 0 0 1 0 1 1 0 1 0 0 1 1 2 0 0 1 0 0 1 0 0 1 0 0 1 1 0 1 1 1 0 1 0 3 0 0 1 3 1 1 1 1 0 0 0 1 1 0 0 0 1 1 0 0 0 1 0 1 1 0 0 0 1 1 1 1 1 0 1 1 0 0 0 1 0 0 1 1 1 0 0 1 1 0 0 1 1 0 0 1 0 1 1 0 0 1 0 1 0 0 0 0 0 0 0 0 1 0 1 1 3 0 1 0 1 1 1 1 0 1 0 1 0 1 1 0 0 1 0 0 1 1 0 0 1 0 0 2 1 0 0 1 0 1 0 0 0 1 0 1 0 1 0 1 1 0 1 1 1 1 0 1 1 1 0 0
63th  0 0 1 0 1 0 0 0 0 1 1 0 1 1 1 1 1 1 0 0 0 0 1 1 1 0 0 1 0 0 0 1 0 1 1 1 0 1 1 2 0 1 1 0 1 1 1 1 1 1 1 0 0 0 0 1 0 0 0 0 1 1 0 0 0 1 4 1 0 1 0 2 1 0 1 0 1 1 0 1 0 1 0 1 1 0 1 1 1 0 0 1 1 1 0 1 0 0 1 1 0 1 1 0 1 0 0 0 1 1 1 0 1 1 1 1 5 1 1 0 0 1 1 1 1 1 1 1 0 1 0 1 1 0 1 1 0 1 1 1 0 0 0 0 1 0 1 0 0 0 1 0 0 0 0 0 1 0 1 0 0 1 0 1 1 0 1 1 0 1 0 0
64th  1 1 1 0 1 1 2 0 1 0 1 1 1 1 0 1 1 0 2 1 1 0 1 1 0 1 1 1 0 1 0 1 1 0 0 0 0 0 0 3 0 0 0 2 0 0 1 0 1 0 1 0 0 1 0 1 0 0 1 1 0 0 1 1 0 0 2 0 1 0 1 0 1 1 0 0 1 1 0 1 0 1 0 1 1 1 0 1 0 0 0 1 0 0 0 0 1 0 1 0 0 1 1 0 1 1 0 1 0 0 0 0 0 0 0 1 4 1 0 1 1 0 0 0 1 1 0 0 1 0 1 0 0 1 0 0 1 1 0 1 0 0 1 2 1 1 1 1 1 0 1 0 0 0 1 0 1 1 1 0 0 1 1 1 0 0 0 1 0 1 0 1
65th  2 0 0 0 1 0 0 0 0 0 0 0 0 0 1 1 1 0 2 1 1 0 0 0 0 0 0 0 0 1 1 1 0 0 0 0 1 1 0 0 1 1 1 0 0 0 1 0 1 0 1 0 1 0 0 0 0 0 1 1 1 0 0 1 1 1 1 0 0 1 1 2 0 0 1 0 1 0 0 1 0 1 1 1 1 1 1 0 1 0 0 0 0 0 1 0 1 1 0 0 1 1 0 1 1 0 1 1 0 1 1 1 1 0 0 1 3 0 1 1 0 1 0 0 1 0 0 1 1 1 0 0 1 1 1 1 0 1 1 1 1 0 1 0 1 1 1 1 0 1 0 1 1 0 1 0 0 0 0 0 0 0 1 1 1 0 1 0 0 0 1 1
66th  1 1 0 0 2 2 1 1 1 0 1 1 1 1 1 0 1 1 3 1 1 1 1 1 1 1 1 0 1 0 0 0 1 1 1 1 0 0 1 1 1 0 0 3 1 1 0 1 0 1 0 1 0 1 1 1 1 1 0 0 0 1 1 0 0 0 1 1 1 0 1 0 1 1 0 1 0 1 1 0 1 0 0 0 0 0 0 1 0 0 1 0 1 1 0 1 0 0 1 0 0 1 0 0 0 1 0 0 1 0 0 0 0 1 1 0 3 1 0 0 1 0 1 1 1 1 1 0 0 0 1 1 0 0 0 0 1 0 0 0 0 1 0 2 1 0 0 0 1 0 1 0 0 1 0 1 1 1 1 1 1 1 0 0 0 0 0 0 1 0 1 1
67th  1 2 1 2 1 1 2 0 1 0 1 1 0 1 2 0 0 1 0 0 0 1 1 1 1 0 1 1 0 1 1 0 1 0 1 0 1 0 0 2 1 0 1 0 1 1 1 0 1 0 0 0 0 0 0 1 1 0 1 1 1 1 1 1 0 1 1 0 0 0 0 2 1 1 1 1 0 0 0 1 0 0 1 0 0 0 0 1 1 0 1 1 0 1 1 1 0 1 1 1 1 0 1 0 1 1 0 0 0 0 0 0 1 0 0 0 3 0 0 1 0 0 0 1 0 1 1 1 1 1 1 0 1 0 1 1 0 1 1 0 0 0 1 0 0 0 0 1 1 1 1 1 1 1 1 1 0 1 1 1 0 0 0 1 1 1 0 1 1 1 0 0
68th  0 1 1 1 0 1 1 0 0 1 0 0 1 1 1 1 1 0 1 0 0 0 0 0 0 1 0 1 1 0 0 1 0 1 1 1 1 1 1 2 1 1 0 1 1 0 0 1 0 1 0 1 1 1 0 1 1 1 0 0 1 0 0 0 1 1 4 1 0 1 0 2 0 0 0 0 1 1 0 1 1 1 0 1 1 0 0 0 0 0 0 0 1 0 0 0 1 1 1 1 0 0 1 0 0 1 1 1 1 1 1 1 0 1 1 1 3 0 1 0 1 1 1 1 1 0 0 1 0 1 0 1 0 1 0 0 1 0 0 1 1 1 0 0 1 0 1 0 0 0 0 0 1 0 0 0 1 0 0 0 1 1 1 0 0 1 1 1 0 1 0 0
69th  1 3 0 1 0 2 0 0 0 0 0 1 1 0 0 1 1 0 2 1 1 1 1 0 0 0 1 0 0 0 1 1 1 0 0 1 1 1 1 1 0 1 0 3 0 0 0 1 0 0 0 0 1 1 0 0 0 0 0 0 1 0 0 0 1 1 2 1 0 0 0 2 1 0 0 1 1 1 1 0 0 0 0 1 1 0 0 0 0 0 0 1 0 0 1 1 0 0 0 1 1 0 1 0 0 0 0 1 1 0 0 0 0 0 0 0 0 1 0 0 0 0 1 1 0 0 1 0 0 0 1 0 0 1 0 0 1 0 1 0 1 1 1 0 0 1 0 1 0 0 1 1 0 0 0 0 0 1 0 1 1 0 0 0 1 0 1 1 1 0 1 1
70th  2 1 0 2 2 1 2 1 0 0 1 0 0 0 2 1 1 1 0 1 1 1 1 1 1 0 1 0 1 0 1 1 1 0 0 0 0 0 0 0 1 1 0 1 0 0 1 0 0 0 1 0 1 0 1 0 0 1 1 0 0 1 0 0 1 0 2 0 1 1 1 1 1 0 1 0 1 1 1 0 1 1 0 0 0 1 1 1 1 1 0 1 1 0 0 1 0 0 0 0 1 0 0 0 1 0 1 0 0 1 1 0 1 0 1 1 3 1 1 0 1 1 0 0 0 1 1 1 1 0 0 1 1 1 0 1 1 0 1 1 0 0 0 2 1 1 0 1 1 1 1 1 0 1 1 0 1 1 1 1 1 0 0 0 0 0 0 1 0 0 1 0
71th  0 0 0 1 2 1 1 1 0 1 1 1 1 1 1 0 1 1 1 1 1 0 0 1 0 1 0 0 1 0 1 0 1 1 0 0 0 0 0 3 0 0 1 1 1 1 1 0 0 1 1 1 0 1 0 0 1 1 1 1 0 0 1 1 0 0 3 1 0 1 0 1 1 0 0 0 1 0 1 1 0 0 0 1 0 1 1 0 0 0 0 0 1 1 0 1 0 0 0 0 0 1 1 1 0 0 0 1 0 0 0 1 1 0 1 0 3 0 1 1 0 0 1 0 1 1 1 0 1 1 0 1 1 0 1 1 1 1 0 0 1 1 1 0 0 1 1 0 0 1 0 1 0 0 0 0 1 1 0 1 0 1 1 0 0 0 1 0 1 1 1 1
72th  2 3 0 2 2 1 1 0 0 1 1 0 1 1 0 1 0 1 2 1 0 1 1 1 0 1 0 0 0 0 0 1 0 0 0 1 1 0 1 2 1 1 0 3 1 1 1 0 1 1 0 0 0 1 1 1 0 0 0 0 1 1 1 1 1 0 2 0 1 0 0 2 0 1 1 1 0 0 1 0 0 1 0 0 0 0 0 1 1 1 1 1 0 1 1 1 1 1 1 1 1 1 0 1 1 0 1 0 1 0 0 1 0 0 0 0 3 1 0 1 1 1 1 1 0 0 0 0 0 1 1 0 1 0 1 0 0 1 0 1 1 0 1 1 1 0 0 0 1 0 0 0 1 1 1 0 0 0 0 0 1 0 0 1 0 0 0 0 0 0 1 0
73th  0 0 0 0 1 0 2 1 1 1 0 0 0 1 0 0 0 1 3 1 1 1 0 0 1 0 0 0 0 0 0 0 0 0 0 0 0 0 1 2 0 0 0 0 1 0 1 0 1 0 0 1 0 0 0 1 0 1 1 1 0 0 1 1 1 1 3 1 0 1 0 0 1 0 0 0 1 0 0 1 0 0 0 0 1 1 0 0 1 1 0 1 1 1 1 0 0 0 0 1 0 0 0 1 1 0 0 0 1 0 0 1 0 1 1 0 4 1 1 0 0 1 0 1 1 0 0 0 0 0 1 0 0 1 0 0 1 0 1 0 0 1 1 2 1 1 0 0 1 1 0 1 0 0 0 0 0 0 0 0 0 1 1 0 0 0 0 1 1 1 0 0
74th  1 1 1 1 1 1 2 0 1 0 0 1 0 1 1 1 1 0 2 0 0 1 0 0 1 0 1 0 1 1 1 1 0 0 0 0 0 0 1 2 0 0 0 2 0 0 1 0 1 0 1 0 0 0 0 1 0 1 1 1 1 0 0 0 0 0 3 1 1 1 1 0 1 1 1 0 1 0 0 1 1 1 0 1 1 0 0 0 0 1 1 0 0 0 1 1 1 0 0 0 1 0 1 0 0 0 1 0 1 1 1 0 1 1 1 1 3 1 1 0 0 1 0 1 0 0 1 0 0 0 0 0 0 1 1 1 0 1 0 1 0 0 1 2 1 1 0 0 0 0 1 0 1 0 0 0 0 0 1 0 1 1 0 1 1 1 0 1 0 1 0 1
75th  0 2 1 1 2 1 0 0 0 1 0 0 0 0 0 0 0 0 2 0 1 0 0 0 0 1 1 1 0 0 0 1 1 0 1 0 1 1 1 1 0 0 1 2 0 1 0 1 0 0 0 0 1 1 0 0 0 0 1 1 0 0 1 0 0 0 3 0 0 0 1 1 0 1 0 0 0 1 1 0 1 1 1 0 1 0 1 1 0 1 0 1 1 0 0 0 0 1 0 0 1 0 0 1 1 1 1 0 1 0 0 0 0 0 0 0 3 0 1 0 1 0 0 0 1 0 0 1 1 0 1 1 0 0 0 1 0 0 1 0 0 1 1 0 0 1 1 0 0 1 0 0 0 1 1 1 0 0 0 0 1 0 1 0 1 1 1 0 1 0 1 0
76th  1 3 1 2 0 2 2 0 1 1 1 1 1 1 1 0 0 0 3 1 1 1 0 1 0 0 1 1 1 1 0 1 1 1 1 1 0 1 1 0 0 1 1 0 1 0 0 0 1 0 1 1 1 0 0 1 1 1 0 1 1 1 0 1 0 1 3 1 1 0 0 2 1 0 1 1 1 1 1 0 1 0 0 1 0 1 1 1 0 1 1 0 1 1 0 0 1 1 1 1 0 1 1 0 0 1 0 1 1 1 1 0 1 1 1 1 3 0 0 1 0 0 1 0 1 1 1 1 0 1 1 1 0 0 1 1 0 0 0 1 1 1 0 2 1 0 1 1 0 0 1 1 0 0 1 1 1 1 1 1 0 1 1 0 0 0 0 1 1 1 0 0
77th  2 0 0 1 2 2 0 1 0 0 0 0 0 0 2 0 0 1 3 0 0 1 1 1 1 0 1 0 0 0 0 0 0 0 1 1 0 0 1 3 0 0 0 0 1 0 1 1 1 0 0 0 0 1 1 1 0 0 1 0 0 0 0 0 1 0 4 0 0 0 0 2 1 1 0 0 0 1 0 1 1 1 1 1 1 0 1 0 0 0 0 1 0 0 0 1 0 0 1 1 1 1 1 1 1 1 1 0 0 0 0 0 1 1 0 0 3 0 1 0 0 1 0 0 0 0 0 1 1 0 0 1 0 1 1 1 0 0 0 1 0 0 1 2 0 1 0 1 0 1 0 0 0 1 1 0 0 1 0 1 0 1 0 1 0 0 1 1 1 0 1 0
78th  1 1 1 2 1 0 1 1 1 1 0 1 1 1 2 1 0 0 2 1 1 0 0 0 0 1 0 1 1 0 0 0 1 1 1 1 1 0 1 0 1 1 0 0 0 1 0 0 0 1 1 1 1 0 0 0 1 1 0 0 0 1 1 0 0 1 4 1 0 0 0 0 0 0 1 1 1 0 0 1 0 0 1 0 0 1 0 0 1 1 1 0 1 1 1 0 1 0 0 0 0 1 1 0 0 0 0 1 1 0 1 1 1 1 0 0 3 1 0 1 0 0 0 1 1 0 1 0 0 1 0 1 0 0 0 1 0 0 0 0 1 0 0 1 1 1 0 1 1 0 0 1 1 0 0 1 1 1 1 1 0 1 0 0 0 1 1 0 1 1 1 1
79th  2 1 0 0 2 2 2 0 1 0 1 0 1 0 1 0 0 0 0 1 0 0 1 0 1 1 0 1 0 0 1 1 1 0 0 1 0 1 0 3 0 1 1 2 1 1 0 1 0 0 0 1 1 0 1 1 0 1 0 0 1 0 1 1 1 1 4 0 0 1 1 0 0 1 0 0 0 1 1 0 0 0 0 0 0 0 0 0 1 1 0 1 0 1 1 0 1 1 1 1 1 1 1 0 1 0 1 0 0 1 1 0 1 0 1 1 2 0 0 1 0 0 0 1 0 1 1 1 0 1 1 0 1 0 0 1 0 0 1 1 1 0 1 1 1 0 1 0 1 0 1 0 0 1 1 0 1 0 1 0 1 0 1 1 0 1 0 0 1 0 1 0
80th  1 1 0 0 0 1 1 0 0 1 1 0 1 0 0 1 0 1 2 0 0 1 1 1 1 0 1 1 1 0 0 0 0 0 1 1 0 0 0 1 1 1 1 3 0 1 0 1 0 1 0 0 0 1 1 1 0 1 0 1 0 1 1 0 1 1 4 0 1 1 1 1 1 1 0 0 0 1 0 1 1 1 0 0 0 1 0 0 0 0 0 0 0 1 1 1 1 0 0 1 1 1 0 1 1 1 1 0 1 1 0 0 0 0 1 0 4 0 0 1 1 1 0 0 0 0 0 0 1 0 0 0 0 0 1 1 1 1 0 0 0 1 0 1 0 0 1 1 0 0 0 0 0 0 0 1 0 0 1 0 0 1 0 1 1 1 0 0 0 1 0 1
81th  2 0 1 0 1 1 1 1 1 0 1 1 1 1 2 1 0 1 3 0 1 1 0 0 1 0 0 1 1 1 0 0 0 1 0 1 0 1 0 2 0 0 1 0 0 1 1 1 1 1 0 0 0 1 1 1 0 1 1 1 0 1 0 0 1 1 2 1 0 0 1 2 0 1 1 0 0 1 1 0 1 0 1 0 1 0 1 1 0 0 0 0 1 0 0 1 0 1 0 0 1 0 1 1 0 0 1 0 0 0 1 1 0 0 0 1 3 1 1 1 1 1 0 1 0 1 1 0 0 0 0 0 1 1 0 1 1 0 0 0 1 0 1 1 0 1 0 0 0 1 1 1 0 0 0 0 1 1 1 1 1 0 1 1 1 1 0 0 0 1 0 1
82th  2 1 1 0 2 0 0 1 1 0 0 1 0 1 1 0 0 0 1 1 1 1 0 1 0 1 1 1 0 1 0 1 1 0 1 0 1 1 0 1 0 1 1 1 1 0 1 0 1 0 1 1 0 0 0 0 1 0 0 0 0 0 0 1 1 0 0 1 0 1 0 2 1 1 1 0 0 0 0 1 1 1 0 1 1 0 1 0 0 1 1 1 0 0 1 1 0 0 0 1 1 1 0 0 1 1 0 1 0 1 1 0 1 1 0 0 4 1 1 0 1 1 1 1 1 0 1 1 0 1 1 1 1 0 0 1 0 0 1 1 1 0 1 0 1 1 0 1 0 1 1 0 0 1 0 0 0 1 0 0 1 1 1 0 0 0 0 1 1 0 1 0
83th  0 2 0 0 0 0 1 0 0 0 1 0 0 0 2 1 0 1 1 1 1 0 0 0 1 0 1 0 0 0 0 0 1 0 0 0 0 0 0 0 1 1 1 2 1 0 0 1 1 0 0 0 0 0 1 0 0 0 1 0 1 0 1 0 1 0 0 1 1 1 0 1 0 0 0 1 0 1 1 0 1 1 0 1 0 1 1 0 1 1 1 0 1 0 0 0 0 0 0 0 0 0 1 0 1 0 1 1 1 0 0 0 1 1 1 0 4 0 0 1 1 1 1 0 0 0 0 1 0 0 0 1 0 0 0 0 0 1 1 0 0 1 1 1 1 0 0 0 0 0 1 1 1 1 1 0 1 1 0 0 1 0 0 1 0 1 1 1 1 0 1 1
84th  1 1 0 2 0 2 1 1 0 1 1 1 1 1 0 0 1 0 1 0 0 1 1 1 0 1 0 1 1 1 1 1 0 1 1 1 1 1 1 2 0 1 0 2 0 1 1 0 0 1 1 1 1 1 0 1 1 0 0 1 0 1 0 1 0 1 0 0 0 0 1 2 1 1 1 0 1 0 0 1 0 0 1 0 1 0 0 1 0 1 0 1 1 1 1 1 1 1 1 1 1 1 0 1 0 1 0 0 0 1 1 1 0 0 0 1 4 0 1 0 0 0 0 1 1 1 1 0 1 1 1 0 1 1 1 1 1 0 0 1 1 0 0 1 0 1 1 1 1 1 0 0 0 0 0 1 0 0 1 1 0 1 1 0 1 0 0 0 1 1 0 0
85th  2 0 1 2 1 2 1 1 1 0 0 1 1 0 2 0 1 1 3 0 1 0 1 1 0 0 1 1 1 1 1 0 0 0 1 0 0 1 0 3 1 1 1 1 1 0 0 0 0 0 1 0 1 1 1 0 1 1 1 1 0 0 1 1 1 0 1 0 1 1 1 2 1 1 0 1 1 0 0 1 1 0 0 0 0 0 0 0 0 0 1 0 0 1 0 0 0 0 1 0 1 0 0 0 1 1 0 1 0 1 0 1 0 0 0 0 4 1 0 1 0 1 1 0 1 1 0 1 1 1 1 0 1 0 0 0 0 1 0 1 1 1 1 1 0 0 1 0 0 1 0 0 1 0 1 0 0 0 1 0 0 1 0 0 0 1 1 1 1 0 1 1
86th  1 3 0 1 0 2 0 0 0 1 1 0 1 1 1 1 0 0 1 1 0 1 0 0 1 1 0 0 0 0 0 1 1 1 0 1 1 0 1 3 0 0 1 1 0 1 1 1 1 0 0 1 0 0 0 1 0 0 0 0 1 1 0 0 0 1 1 1 0 0 0 0 0 0 1 0 0 1 1 0 0 1 1 1 1 0 1 1 1 1 0 1 1 0 1 1 1 1 0 1 0 1 1 1 0 0 1 0 1 0 1 0 1 1 1 1 4 0 1 0 1 0 0 1 0 0 1 0 0 0 0 1 0 1 1 0 1 0 1 0 0 0 0 0 1 1 0 1 1 0 1 1 0 1 0 1 1 1 0 1 0 0 1 1 1 0 0 0 0 1 0 0
87th  0 1 1 1 2 1 2 0 0 1 1 0 1 1 2 1 1 1 3 0 0 0 1 0 0 1 0 1 1 1 1 0 1 0 0 0 1 1 1 1 1 1 0 2 0 0 0 1 0 1 1 1 0 0 0 0 0 0 0 1 1 0 1 1 0 1 1 1 1 1 0 0 1 0 1 1 0 0 0 1 0 0 0 0 1 1 0 1 1 1 0 1 1 0 0 1 0 0 0 0 0 0 0 1 0 0 1 1 0 1 1 1 1 1 1 1 4 1 0 0 0 0 1 0 1 0 1 1 1 0 0 0 1 1 0 0 1 1 1 1 1 0 1 0 1 1 1 0 0 0 1 1 1 1 0 1 1 1 1 1 1 0 1 0 1 1 1 0 0 0 1 0
88th  1 2 0 0 1 0 2 1 1 0 0 1 1 1 1 1 0 0 2 1 1 1 1 1 1 0 1 0 0 1 0 1 0 1 1 1 0 0 0 2 0 0 1 3 1 1 1 0 1 1 0 0 1 1 1 1 1 1 1 0 0 1 0 0 1 0 1 0 0 0 0 1 0 1 0 0 1 1 1 1 1 1 1 1 0 1 1 0 0 0 1 0 0 1 1 0 1 1 1 1 1 1 1 1 1 1 0 0 1 0 0 0 0 0 0 0 4 0 1 1 1 1 0 1 0 1 0 0 0 1 1 1 0 0 1 1 0 0 1 0 0 1 0 2 0 0 0 1 1 1 1 0 0 0 1 0 1 0 0 0 1 1 0 1 0 0 0 1 0 1 0 1
89th  1 0 0 0 2 2 0 0 0 1 1 0 0 0 2 0 1 0 1 0 0 1 0 1 1 0 0 0 0 0 1 0 0 1 1 1 0 0 0 1 0 0 1 0 0 1 0 0 0 1 0 0 0 1 0 1 0 0 0 0 1 0 0 1 1 0 2 0 1 0 1 2 1 0 1 0 0 1 0 1 0 1 1 1 0 1 0 1 0 1 0 0 1 0 0 0 0 1 1 1 1 1 0 0 1 1 1 1 0 1 1 1 0 1 1 0 4 0 0 1 1 0 0 1 0 1 1 0 0 0 1 0 0 0 0 0 1 1 0 0 1 1 1 1 1 1 0 1 1 0 1 0 1 1 1 0 1 1 0 1 1 1 0 0 0 1 0 1 1 0 1 0
90th  1 0 0 1 0 2 2 0 1 0 1 0 0 0 0 0 1 0 1 0 0 0 1 1 1 1 1 0 1 0 1 0 0 1 0 1 0 0 0 1 0 1 1 1 1 0 0 1 1 1 1 1 1 1 0 1 1 1 0 1 0 1 0 1 0 1 3 1 1 0 1 0 0 1 1 1 0 0 1 0 0 0 1 1 1 1 1 1 1 0 0 0 0 1 1 1 1 1 0 1 0 0 1 1 1 1 1 1 1 1 0 0 0 0 1 1 2 1 1 1 0 0 1 1 1 0 1 0 1 1 0 1 1 0 0 0 0 1 0 1 0 0 1 2 0 0 1 0 0 1 1 1 1 0 0 1 1 0 1 0 1 1 1 0 0 1 0 1 1 1 1 0
91th  2 2 0 2 1 2 0 1 1 0 0 1 0 0 1 0 0 0 2 1 1 1 0 0 0 1 0 1 1 0 1 1 0 0 1 1 0 0 0 3 0 0 0 2 1 0 1 0 0 0 1 1 1 0 1 0 1 0 1 0 0 1 1 0 1 1 2 1 0 1 1 1 0 0 1 1 1 1 0 1 1 1 1 0 0 0 1 0 1 0 0 1 0 1 1 0 1 1 1 0 0 0 0 0 0 0 1 0 1 1 1 0 0 0 0 1 4 1 0 1 1 1 0 1 1 0 0 1 0 0 1 0 0 0 1 0 1 0 0 1 0 0 0 2 0 0 1 1 0 1 0 0 0 1 1 1 0 0 0 0 1 0 1 1 1 1 1 0 1 0 1 0
92th  0 3 1 1 2 1 2 0 0 1 1 0 0 1 2 0 0 0 1 0 1 0 0 0 1 0 1 1 1 1 0 0 1 0 0 0 1 1 0 2 1 1 1 3 0 1 0 1 0 0 0 1 1 1 0 0 1 1 0 1 0 0 0 0 0 0 2 1 0 1 0 1 1 1 0 0 0 0 1 0 1 0 1 1 1 1 0 0 0 1 0 0 0 0 0 1 0 1 0 0 1 1 1 1 1 0 0 1 0 0 0 1 1 0 1 0 4 0 1 1 0 0 1 0 0 1 1 0 1 1 0 1 1 1 0 1 0 1 1 0 1 1 0 0 0 0 0 0 0 0 1 1 1 0 0 0 1 1 1 1 0 1 0 0 1 0 0 0 1 1 0 1
93th  0 0 0 1 0 0 2 1 1 1 0 0 0 1 0 0 0 1 0 1 1 1 0 0 1 0 0 0 0 0 0 0 0 0 0 0 0 0 1 3 1 1 0 3 1 0 1 0 1 0 0 1 0 0 0 1 1 1 1 1 0 0 1 1 1 0 3 1 0 1 0 1 1 0 0 0 1 0 0 1 0 0 0 0 1 1 0 0 1 1 0 1 1 1 1 0 0 0 0 1 1 0 0 1 1 0 0 0 1 0 0 1 0 1 1 0 4 1 1 0 0 1 0 1 1 0 0 0 0 0 1 0 0 1 0 0 1 0 1 0 0 1 1 1 1 1 0 0 1 1 0 1 1 0 0 0 0 0 0 0 0 1 1 0 0 0 0 1 1 1 0 0
94th  0 1 1 2 1 1 0 0 0 0 1 1 1 0 2 1 1 1 2 1 0 1 1 1 1 1 1 0 0 1 1 1 1 1 0 1 1 1 0 0 0 1 1 3 1 1 0 1 0 1 1 1 0 1 1 0 0 0 0 1 1 1 0 1 0 1 3 1 1 0 0 2 0 1 1 1 0 1 1 0 1 1 0 1 0 0 1 1 0 0 1 0 0 0 0 0 1 1 1 0 0 1 1 0 0 0 1 1 0 1 1 1 1 1 1 1 4 1 0 1 1 1 1 0 0 1 1 1 1 1 1 0 1 0 1 0 1 1 1 1 1 1 1 0 1 1 1 1 1 0 1 0 0 0 1 0 1 0 1 1 0 0 0 1 0 1 1 1 0 0 1 1
95th  0 2 1 1 1 1 2 1 1 1 0 1 1 0 1 1 0 1 0 0 0 0 0 1 0 1 1 1 0 1 0 1 1 0 0 0 0 0 1 2 1 1 0 1 1 0 1 0 1 1 0 0 0 0 1 1 1 0 1 1 1 1 0 1 0 1 0 1 1 0 0 1 1 1 1 1 1 1 0 1 1 0 0 0 0 0 0 1 1 1 0 1 0 0 0 0 0 0 1 0 0 1 1 0 0 1 0 0 1 0 1 0 0 1 0 1 2 0 1 0 1 0 1 1 0 1 0 0 1 0 1 0 1 0 0 1 0 1 1 0 1 0 1 2 0 0 1 0 0 0 0 1 1 1 0 0 0 0 0 0 0 1 0 1 1 0 1 0 0 0 1 0
96th  0 0 0 2 1 0 0 1 1 1 0 0 1 1 0 0 1 1 3 0 1 0 0 1 0 1 0 1 1 0 1 1 1 0 1 0 1 1 1 1 1 0 1 2 0 0 1 1 0 1 0 1 1 0 0 0 1 0 0 0 0 0 0 0 0 0 4 0 0 0 1 2 1 0 1 1 0 1 1 0 1 1 1 0 0 1 1 0 0 1 1 0 1 0 0 1 0 1 0 0 1 0 1 0 0 1 0 0 0 1 0 0 0 0 0 0 4 1 0 1 0 0 0 1 0 0 0 1 0 1 0 1 1 1 0 1 0 0 0 0 0 1 0 1 0 0 0 1 0 0 0 1 1 1 0 0 1 1 1 0 1 1 1 1 0 0 0 1 1 1 0 1
97th  0 0 0 2 1 1 0 1 1 1 0 0 1 1 0 0 1 1 1 0 1 0 0 1 0 1 0 1 0 0 1 1 1 0 1 0 1 1 1 2 1 0 1 3 0 0 1 1 0 1 0 1 1 0 0 0 1 0 0 0 0 0 1 0 0 0 4 0 0 0 1 0 1 0 1 1 0 1 1 1 1 1 1 0 0 1 1 0 0 1 1 0 1 0 0 1 0 1 0 0 1 0 1 0 0 1 0 0 0 1 0 0 0 0 0 0 4 1 0 1 0 0 0 1 0 0 0 1 0 1 0 1 1 1 0 1 0 0 0 0 0 1 0 2 0 0 0 1 0 0 0 1 0 1 0 0 1 1 1 0 1 1 1 1 0 0 0 1 1 1 0 1
98th  2 0 1 1 0 1 2 0 0 0 1 1 0 0 2 1 0 0 3 1 0 1 1 0 1 0 1 0 0 0 0 0 0 1 0 1 0 0 1 0 1 1 0 3 1 1 0 0 1 0 0 0 0 1 1 1 0 1 1 1 1 1 0 1 1 0 2 1 1 0 1 1 0 1 0 1 1 0 0 1 0 0 0 1 1 1 0 1 1 0 0 1 0 1 1 0 1 0 1 1 0 0 0 1 1 0 1 0 1 0 1 1 1 1 1 1 4 0 1 0 1 1 1 0 1 0 1 0 0 0 0 0 0 0 1 0 1 0 1 1 1 0 1 0 1 1 0 0 1 1 0 1 1 0 1 1 1 1 0 1 0 0 0 0 1 1 1 0 0 0 1 0
99th  2 2 1 2 2 2 2 0 1 0 1 1 1 1 1 0 1 0 2 1 1 0 0 1 0 1 0 1 1 1 0 1 1 0 0 0 1 1 0 0 0 0 0 0 1 1 0 1 1 0 1 1 0 0 1 0 0 0 0 0 1 0 1 1 0 1 4 1 0 0 0 0 1 1 1 0 1 0 1 0 0 0 0 1 1 0 0 1 0 1 1 1 0 0 0 1 0 1 1 1 0 1 1 0 1 1 1 1 0 0 1 0 0 1 1 0 4 1 1 0 0 0 0 1 1 1 1 1 0 0 1 1 1 1 0 0 1 1 0 0 0 0 1 0 1 0 1 0 1 1 1 0 1 1 0 1 0 0 1 0 0 0 1 0 1 0 1 1 1 1 0 0
100th  1 3 0 2 0 0 2 0 0 1 1 0 1 0 0 1 0 1 3 0 0 1 1 1 1 0 1 1 1 0 0 0 0 0 0 1 0 0 0 1 1 1 1 3 0 1 0 1 0 1 0 0 0 1 1 1 0 1 0 1 0 1 1 0 1 1 0 0 1 1 1 1 1 1 0 0 0 1 0 1 1 1 0 0 0 1 0 0 0 0 0 0 0 1 1 1 1 0 0 1 1 1 0 1 1 1 1 0 1 1 0 0 0 0 1 0 4 0 1 1 1 1 0 0 0 0 0 0 1 0 0 0 0 0 1 1 1 1 0 0 0 1 0 0 0 0 1 1 0 0 0 0 0 0 1 1 0 0 1 0 0 1 0 1 1 1 0 0 0 1 0 1
101th  1 0 0 2 2 2 2 1 0 0 1 0 1 1 2 1 1 0 0 0 1 0 1 1 1 0 1 1 0 1 1 0 1 1 1 0 0 0 1 1 1 1 1 1 0 0 1 0 0 1 0 0 1 0 1 0 1 0 0 0 0 0 1 0 1 1 0 0 1 1 1 1 0 1 0 1 0 0 1 0 1 1 1 1 0 0 1 1 1 0 1 1 1 0 0 0 1 1 0 0 0 0 0 1 1 0 0 1 1 1 1 1 0 1 1 1 5 1 0 0 0 1 1 0 1 1 1 1 0 1 1 1 0 1 0 0 0 1 1 1 0 0 1 1 0 1 1 0 0 0 1 1 1 0 0 0 1 1 1 1 1 1 1 0 1 0 1 0 0 0 1 0
102th  0 1 1 2 2 1 0 0 1 1 0 1 0 0 0 0 0 1 3 1 0 1 0 0 0 1 0 0 1 0 0 1 0 0 0 1 1 1 0 3 0 0 0 1 1 1 0 1 1 0 1 1 0 1 0 1 0 1 0 1 1 1 0 1 0 0 0 0 0 0 0 2 1 0 1 0 1 1 0 1 0 0 0 0 1 1 0 0 0 1 0 0 0 1 1 1 0 0 1 1 1 1 1 0 0 1 1 0 0 0 0 0 1 0 0 0 5 0 1 1 1 0 0 1 0 0 0 0 1 0 0 0 1 0 1 1 1 0 0 0 1 1 0 2 1 0 1 1 1 0 0 0 0 1 1 1 0 0 0 0 0 0 0 1 0 1 0 1 1 1 0 1
103th  1 2 0 1 1 0 0 1 1 0 0 0 0 1 1 1 0 1 2 0 0 0 1 0 1 1 0 1 0 0 1 1 1 1 0 0 1 0 1 2 0 0 1 2 1 0 1 1 0 0 1 0 0 0 1 1 1 1 0 0 0 1 0 0 0 1 0 1 1 0 1 2 1 1 1 1 1 0 0 1 0 1 1 1 1 0 0 1 0 0 0 1 0 0 1 0 0 1 1 0 1 0 1 0 1 0 1 1 0 1 0 1 1 0 1 1 5 1 1 1 0 0 1 1 1 1 0 0 0 0 0 1 0 1 1 1 0 1 0 1 1 1 0 1 0 1 0 1 1 0 0 0 1 0 1 1 0 1 1 1 0 0 1 1 1 1 0 1 1 0 1 1
104th  0 0 1 1 1 1 2 0 0 1 1 1 1 0 1 0 1 0 1 1 1 1 0 1 0 0 1 0 1 1 0 0 0 1 1 0 0 1 0 1 1 1 0 1 0 1 0 0 1 1 0 1 1 1 0 0 0 0 1 1 1 0 1 1 1 0 1 1 0 1 0 1 0 0 0 0 0 1 1 0 1 0 0 0 0 1 1 0 1 1 1 0 1 1 0 1 1 0 0 1 0 1 0 1 0 1 0 0 1 0 1 0 0 1 0 0 5 0 0 0 1 0 0 0 0 0 1 1 1 1 1 0 1 0 0 0 1 0 1 0 0 0 1 0 1 0 0 0 0 1 1 0 0 1 0 0 1 0 0 0 1 1 0 0 0 0 0 0 1 1 0 0
105th  1 0 0 0 0 0 1 0 0 0 1 1 1 1 2 0 1 1 0 1 0 0 1 1 0 0 0 1 1 1 1 0 1 0 0 0 1 0 0 1 1 0 0 3 1 0 1 0 1 0 0 1 1 0 1 1 0 0 0 1 0 1 1 1 0 1 1 1 0 1 1 1 0 0 1 1 0 0 0 1 1 0 0 1 0 1 0 1 1 1 0 1 0 1 0 0 1 0 1 0 0 1 1 1 0 0 1 1 1 0 0 1 1 0 1 0 5 0 0 0 0 1 0 1 1 1 0 1 1 1 1 0 0 0 0 1 0 0 1 0 1 1 1 1 1 1 0 0 1 1 1 1 0 0 1 0 0 0 1 0 1 0 1 0 0 1 1 0 1 1 1 1
106th  1 1 1 2 0 2 0 1 1 1 0 0 0 0 0 1 1 0 0 0 1 1 0 0 1 1 1 0 0 0 0 1 0 1 1 0 0 1 1 0 0 1 1 3 0 1 0 1 0 1 1 0 0 1 0 0 1 1 1 0 1 0 0 0 1 0 3 1 1 0 0 0 1 1 0 0 1 1 1 0 0 1 1 0 1 0 1 0 0 0 1 0 1 0 1 1 0 1 0 1 1 0 0 0 1 1 0 0 0 1 1 0 0 1 0 1 5 1 1 1 1 0 1 0 0 0 1 0 0 1 0 1 1 1 1 0 1 1 0 0 0 0 0 2 0 0 1 0 0 0 0 0 1 1 0 1 1 1 0 1 0 1 0 1 1 0 0 1 0 0 1 0
107th  2 2 1 2 1 0 1 0 1 1 0 0 0 1 2 0 0 1 3 0 0 1 1 1 0 0 1 0 0 0 1 0 0 0 1 1 0 0 0 3 1 0 1 0 1 1 1 1 1 1 0 0 1 1 1 0 0 1 0 0 1 0 0 1 0 1 1 0 1 1 0 2 1 0 0 1 0 1 0 1 0 1 0 1 1 0 1 1 1 1 1 0 0 0 0 1 0 0 0 1 0 0 1 0 0 0 0 1 1 1 0 0 1 1 1 0 5 0 1 1 1 1 1 0 1 0 0 0 0 0 1 0 0 1 0 0 1 0 0 1 0 1 0 2 0 1 0 0 0 1 1 0 1 1 1 1 0 0 1 1 1 1 0 1 0 0 1 0 1 0 1 1
108th  0 3 0 1 2 0 1 1 0 0 1 1 1 0 0 1 0 0 0 1 1 1 0 0 1 1 0 1 1 1 0 1 1 0 0 1 0 1 1 2 0 1 0 0 0 0 0 0 0 0 1 1 0 0 0 1 1 0 1 1 0 1 1 0 1 0 3 0 0 0 1 2 0 1 1 0 1 0 1 0 1 0 1 0 0 1 0 0 0 0 0 1 1 1 1 0 1 1 1 0 1 1 0 1 1 1 1 0 0 0 1 1 1 0 0 1 5 1 0 0 0 0 0 1 0 1 1 1 1 1 0 1 1 0 1 1 0 1 1 0 1 0 1 0 1 0 1 1 1 0 0 1 0 0 0 0 1 1 0 0 0 0 1 0 1 1 0 1 0 1 0 0
109th  0 0 1 1 1 2 2 0 1 0 0 0 0 1 2 1 0 1 2 1 0 0 0 1 1 1 0 0 0 1 0 0 0 0 1 0 1 0 0 3 0 1 0 0 0 0 0 0 1 1 0 0 0 1 1 1 1 1 1 1 0 0 1 1 0 0 2 1 1 0 0 0 1 0 1 1 0 0 0 1 0 0 1 0 0 0 1 1 1 0 0 1 1 1 1 1 1 0 0 1 0 0 0 0 0 1 1 1 0 0 0 1 0 0 0 1 5 1 0 1 1 1 1 0 1 1 0 0 1 1 0 1 1 1 0 1 1 1 1 1 0 1 1 1 1 0 1 0 0 0 0 1 1 1 0 1 0 0 1 0 1 0 1 0 0 1 0 1 0 0 1 0
110th  1 1 0 2 2 0 2 1 0 1 1 1 1 0 1 0 1 0 1 0 1 0 1 0 0 0 1 1 1 0 1 1 1 1 0 1 1 1 1 2 1 0 1 0 1 1 1 1 0 0 1 1 1 0 0 0 0 0 0 0 1 1 0 0 1 1 2 0 0 1 1 0 0 1 0 0 1 1 1 0 1 1 0 1 1 1 0 0 0 1 1 0 0 0 0 0 0 1 1 0 1 1 1 1 1 0 0 0 1 1 1 0 1 1 1 0 5 0 1 0 0 0 0 1 0 0 1 1 0 0 1 1 0 0 1 0 0 0 0 0 1 0 0 1 0 1 1 1 1 1 1 0 0 0 1 0 1 1 0 1 0 1 0 1 1 0 1 0 1 1 0 1
111th  0 2 0 0 1 1 1 1 0 0 0 0 0 1 0 1 0 1 3 0 1 0 1 0 0 1 0 1 0 1 1 0 1 1 1 1 1 0 1 1 1 0 1 3 0 0 1 1 0 0 1 0 0 1 1 0 0 0 1 0 1 0 1 1 0 0 2 0 0 0 1 2 0 0 0 0 1 0 1 0 0 0 1 1 1 1 0 0 1 0 0 0 0 0 0 0 1 1 0 1 1 0 0 0 0 1 0 1 0 0 0 1 1 0 1 0 5 1 1 0 1 1 0 1 0 0 0 0 0 0 1 0 1 1 0 0 1 0 0 1 0 0 1 0 1 1 0 1 1 0 1 1 0 0 0 0 0 1 0 1 1 0 0 0 1 1 0 1 0 0 1 1
112th  0 1 0 2 1 2 0 1 0 0 1 0 1 1 1 0 0 1 3 0 0 0 1 1 1 0 1 0 0 1 0 1 0 1 1 1 0 1 1 1 0 0 1 2 1 1 0 0 1 1 0 0 1 0 0 0 0 1 0 1 0 1 0 0 1 1 2 0 1 1 0 2 1 1 1 1 0 1 0 1 1 1 0 1 0 0 0 1 0 1 1 1 1 1 0 0 0 0 1 0 0 1 0 0 1 0 1 0 1 1 1 0 0 1 0 1 5 1 0 1 0 0 0 0 1 1 1 1 1 0 0 0 0 0 1 1 0 1 1 0 1 1 0 2 0 0 0 0 0 1 0 0 1 1 1 1 1 0 1 0 0 1 1 1 0 0 1 0 1 1 0 0
113th  1 0 1 0 2 1 0 0 1 1 0 1 1 0 2 1 1 1 0 0 0 1 1 0 1 0 0 1 0 0 1 0 0 1 0 1 0 0 0 0 1 1 0 1 1 0 1 0 0 0 0 0 0 1 0 1 1 0 1 0 0 0 1 0 0 1 3 1 1 0 1 0 0 0 0 1 1 0 1 0 0 1 1 0 1 1 1 1 0 1 1 1 0 0 1 1 1 1 1 1 0 1 1 1 0 0 0 1 1 1 0 0 1 0 1 0 5 0 0 1 0 1 1 1 0 0 0 0 1 1 1 1 0 1 0 1 1 1 0 0 1 1 0 1 0 0 0 1 0 0 1 0 0 0 1 0 1 0 1 1 1 1 0 0 1 0 1 0 0 1 0 0
114th  1 1 0 1 1 0 1 1 0 0 1 0 0 1 2 0 0 0 3 1 1 0 0 1 0 0 1 0 1 1 0 0 1 0 1 0 1 1 1 2 1 1 0 0 0 0 1 0 1 1 1 1 1 1 1 1 1 1 0 1 1 1 1 1 1 0 3 0 0 1 0 1 0 1 1 0 0 1 0 1 1 0 0 1 0 0 1 1 1 0 0 0 1 1 0 1 0 0 0 0 0 0 1 1 1 0 0 1 0 1 0 1 0 1 1 1 5 0 1 0 1 0 1 0 1 1 1 0 0 0 0 1 1 1 1 0 0 0 1 1 0 0 1 0 0 1 0 0 1 1 0 0 1 0 0 1 0 1 0 1 1 0 1 1 0 1 0 1 1 0 1 1
115th  2 2 1 2 1 2 2 0 1 0 1 1 0 0 0 1 1 0 1 1 0 0 0 1 1 1 1 0 0 1 1 0 1 0 0 0 1 1 0 2 0 1 1 1 0 0 0 0 1 1 0 1 1 1 1 0 1 1 1 0 0 0 1 1 0 1 3 1 1 0 0 1 1 1 0 1 0 0 0 1 1 1 1 0 0 0 1 0 1 0 1 1 1 0 0 0 1 1 0 0 1 0 0 0 0 1 1 0 1 0 1 1 1 1 0 1 5 1 0 0 0 1 0 0 1 1 0 1 0 1 1 0 0 1 0 0 1 0 1 1 0 1 1 0 0 1 1 1 0 0 1 1 1 1 0 0 0 1 1 0 0 1 1 0 0 1 1 0 0 0 1 0
116th  1 3 0 2 2 0 1 1 1 1 0 1 0 0 0 0 0 1 0 1 1 1 0 0 0 1 0 1 1 0 1 1 1 0 0 1 1 0 0 3 0 0 0 2 0 1 1 1 0 0 1 1 1 0 1 1 0 0 1 1 1 1 0 0 0 0 3 0 1 1 1 1 1 1 1 0 1 0 1 1 0 1 1 0 0 1 0 0 0 1 1 0 0 0 0 0 1 0 1 1 0 0 1 1 1 1 1 1 0 1 0 1 0 0 0 0 5 0 0 1 1 0 1 0 0 0 0 0 1 1 1 1 1 0 0 1 0 1 0 1 1 1 1 2 1 1 1 0 1 1 0 1 1 1 1 1 0 0 0 1 1 1 1 0 0 0 0 0 1 0 1 1
117th  2 0 1 0 0 0 0 0 0 1 1 0 1 1 1 1 1 1 0 0 0 0 1 1 1 0 0 1 0 0 0 1 0 1 1 1 0 1 1 2 0 1 1 3 1 1 1 1 1 1 1 0 0 0 0 1 0 0 0 1 1 1 0 0 0 1 4 1 0 1 0 1 1 0 1 0 1 1 0 1 0 1 0 1 1 0 1 1 1 0 0 1 1 1 0 0 0 0 1 1 0 1 1 0 1 0 0 0 1 1 1 0 1 1 1 1 5 1 1 0 0 1 0 1 1 1 1 1 0 1 1 1 1 0 1 1 0 1 1 1 0 0 0 2 1 0 1 0 0 0 1 0 0 0 0 0 1 0 1 0 0 1 0 1 1 0 1 1 0 1 0 0
118th  2 1 0 1 1 1 0 1 1 0 0 1 0 0 2 0 0 0 1 1 1 1 0 0 0 1 1 0 1 1 1 0 1 0 0 0 1 0 1 3 1 1 0 1 0 0 0 0 0 0 0 1 1 1 1 0 1 1 1 1 0 0 1 1 1 0 4 0 1 0 1 2 0 1 0 1 0 0 1 0 1 0 1 0 0 1 0 0 0 1 1 0 0 0 1 0 1 1 0 0 1 0 0 1 0 1 0 1 0 0 0 1 0 0 0 0 5 0 0 1 1 0 1 0 0 0 0 0 1 0 1 0 0 1 1 0 1 1 0 0 1 0 1 1 0 1 0 1 1 1 0 1 1 1 1 1 1 1 0 1 1 0 1 0 1 1 0 1 1 1 0 1
119th  1 2 0 2 2 0 1 1 0 1 0 0 1 0 0 0 1 0 2 1 0 1 0 1 0 1 1 0 0 0 0 1 1 1 1 1 1 0 0 0 1 0 1 1 0 1 1 1 0 0 1 1 1 1 0 0 0 1 1 1 1 1 1 1 1 1 4 0 0 1 1 2 0 0 0 1 1 1 1 0 0 0 0 1 0 0 1 0 1 0 0 0 0 1 0 0 0 0 1 1 0 1 0 1 0 0 1 0 1 0 0 0 0 1 1 0 5 0 1 1 1 1 0 1 1 0 1 1 0 1 1 1 0 0 0 0 0 0 1 0 0 1 0 0 1 0 1 0 1 0 1 1 0 1 0 1 0 1 1 0 0 0 0 0 0 0 0 0 1 0 1 1
120th  0 3 1 1 0 2 0 0 0 0 0 0 1 0 2 1 0 1 2 1 0 0 1 1 1 1 0 0 0 1 1 1 0 0 1 1 0 0 0 3 0 1 0 0 0 0 1 0 1 0 1 1 0 0 0 1 0 0 0 0 0 1 0 0 1 0 4 1 0 0 1 0 1 1 1 1 0 0 1 1 1 1 0 0 1 1 1 0 1 0 1 0 0 1 1 1 1 0 0 1 1 1 1 0 0 1 1 1 0 0 1 1 1 0 0 1 5 1 1 1 1 0 1 1 0 1 1 1 1 0 0 0 0 1 1 1 0 1 0 1 1 1 0 0 1 0 1 1 0 1 0 0 0 1 0 1 1 0 0 0 1 0 1 1 0 0 1 0 0 1 1 0
121th  2 3 1 0 2 1 0 0 1 0 1 1 0 1 1 1 0 0 3 1 0 0 1 0 0 0 0 0 0 0 0 1 0 0 0 0 1 0 1 2 0 0 0 3 1 1 1 1 1 1 0 0 0 0 1 1 1 0 0 0 1 1 1 0 1 1 4 0 1 1 0 2 1 0 1 1 0 0 1 0 0 1 1 1 0 0 1 0 0 1 1 1 1 0 1 1 1 1 0 1 0 0 0 1 0 1 1 1 1 1 1 0 1 0 0 1 1 0 0 0 0 0 0 0 0 0 1 1 0 0 1 1 1 1 1 1 1 0 0 0 0 0 1 0 1 0 0 1 1 1 1 0 0 1 0 0 1 1 1 1 0 0 0 0 1 1 1 0 1 0 1 1
122th  1 3 0 1 0 1 2 0 0 0 1 1 1 0 1 0 0 0 3 1 0 1 0 0 1 0 0 0 0 1 1 1 1 1 0 0 1 1 0 0 1 0 0 0 0 1 1 0 0 1 1 1 1 1 1 0 1 1 0 0 1 0 0 1 1 0 1 0 1 0 0 2 1 0 0 1 0 0 1 1 0 0 1 0 0 0 0 0 1 1 1 0 0 1 0 1 0 1 1 0 0 1 1 0 0 1 0 0 1 1 0 1 1 0 0 1 0 0 1 0 0 0 0 1 1 1 0 1 1 0 1 0 1 0 1 0 0 1 0 1 0 1 0 2 0 1 1 1 0 0 1 0 1 0 1 1 0 0 0 1 1 1 1 1 1 1 0 1 1 1 0 1
123th  0 1 0 1 2 2 1 0 0 0 0 0 0 1 2 1 0 1 1 0 1 1 0 1 1 1 1 1 0 1 1 1 0 0 1 1 0 0 1 1 1 0 0 2 1 0 1 0 0 0 1 0 1 1 1 0 0 0 0 1 1 0 1 1 0 1 4 0 1 0 0 2 1 0 1 1 0 1 1 1 1 1 1 1 0 1 0 0 1 0 0 0 0 0 1 0 0 0 1 0 1 1 1 0 1 1 0 1 0 0 0 0 1 0 1 1 2 1 0 1 0 0 1 1 1 0 1 1 0 0 1 1 0 0 1 1 1 0 0 0 0 1 0 0 0 1 1 1 1 0 0 0 0 0 1 1 0 0 0 1 1 1 1 0 1 0 1 0 0 1 0 1
124th  1 0 0 0 0 0 1 0 0 0 1 0 0 0 2 1 1 0 1 1 1 1 1 0 1 1 0 0 0 0 1 1 0 1 0 1 0 0 1 3 1 1 1 3 1 0 1 0 1 1 0 1 0 0 0 0 0 0 1 1 0 0 0 1 1 1 0 0 0 0 0 2 0 1 1 0 0 0 0 1 0 1 0 1 0 0 1 1 1 1 0 0 1 1 1 1 1 0 0 1 0 0 1 0 0 0 1 1 0 1 0 1 1 1 1 0 2 0 0 1 0 1 0 0 0 0 1 1 1 1 1 0 1 1 1 0 0 1 0 0 0 0 0 0 0 0 1 0 1 1 1 1 1 0 1 1 1 0 1 0 1 1 0 1 1 1 1 1 0 1 0 0
125th  1 3 0 0 2 2 0 1 0 1 1 1 0 0 1 1 0 0 3 0 1 1 0 1 1 1 1 0 1 0 0 0 1 0 1 0 1 1 1 0 1 1 1 0 0 1 0 0 0 1 0 0 0 1 1 0 0 0 1 1 0 0 1 1 0 1 1 1 1 1 1 1 1 1 1 1 0 1 0 1 1 1 0 0 1 0 0 1 0 0 0 0 1 0 0 1 1 1 0 1 0 1 1 1 1 0 1 1 0 0 0 1 1 1 0 1 2 0 1 1 0 1 1 1 1 0 0 1 1 0 1 1 0 0 0 0 0 0 1 1 0 1 1 0 1 0 0 1 0 0 1 1 0 1 1 1 0 0 0 0 0 1 0 0 1 0 0 1 0 0 1 1
126th  0 2 0 0 2 2 1 0 0 0 0 0 1 0 2 0 0 1 2 0 1 1 0 1 1 0 1 0 0 0 1 0 1 1 1 1 1 1 0 1 1 1 1 1 0 0 0 1 0 1 1 0 1 0 1 0 1 0 0 1 0 0 1 1 0 0 1 0 1 0 0 0 1 0 0 1 0 0 1 0 0 1 0 0 1 1 1 0 1 1 0 0 0 0 1 0 0 0 1 0 1 1 1 1 0 0 0 1 1 1 1 1 1 0 0 1 2 0 0 1 1 1 1 0 0 1 1 1 1 1 0 1 1 0 1 1 1 0 1 1 1 0 0 1 0 1 0 0 1 0 0 0 0 0 0 1 0 1 1 0 1 1 0 0 0 1 0 1 1 1 1 1
127th  1 0 1 0 2 1 0 0 1 1 0 1 1 0 2 1 1 1 3 0 0 1 1 0 1 0 0 1 0 0 1 0 0 1 0 1 0 0 0 1 1 1 0 2 1 0 1 0 0 0 0 0 0 0 1 1 1 0 1 0 0 0 1 0 0 1 3 1 1 0 1 0 0 0 0 1 1 0 1 0 0 1 1 0 1 1 1 1 0 1 1 1 0 0 1 1 1 1 1 1 0 1 1 1 0 0 0 1 1 1 0 0 1 0 1 0 5 0 0 1 0 1 1 1 0 0 0 0 1 1 1 1 0 1 0 1 1 1 0 0 1 1 0 1 0 0 0 1 0 0 1 1 0 0 1 0 1 0 1 1 1 1 0 0 1 0 1 0 0 1 0 0
128th  1 0 0 0 2 0 2 0 0 1 1 1 0 0 1 1 0 1 2 1 1 1 0 0 1 0 0 0 0 0 0 0 1 0 1 0 1 1 0 3 1 1 1 2 0 1 1 0 1 1 1 1 1 0 1 1 0 0 1 0 0 0 0 1 1 0 0 0 0 1 0 1 0 0 1 0 1 1 0 1 0 1 1 0 1 1 0 0 0 0 1 1 1 0 1 1 1 1 1 1 1 0 0 0 1 0 1 1 0 0 0 1 1 0 0 1 1 1 0 1 0 1 0 0 0 1 0 0 1 0 0 0 1 0 0 1 0 1 1 0 0 1 0 2 1 0 0 1 0 0 1 0 0 1 0 0 0 0 1 0 0 1 1 0 0 1 1 0 0 1 0 1
129th  1 1 1 0 2 1 0 0 1 0 0 1 0 0 2 1 1 0 1 0 0 1 1 1 0 0 1 1 1 1 0 0 1 1 0 0 1 1 0 1 1 1 0 2 0 1 0 0 0 0 1 1 0 1 0 1 0 0 1 0 1 0 1 1 1 0 1 1 0 1 1 2 0 1 0 0 0 0 1 1 1 1 0 0 0 0 0 0 1 1 0 0 0 0 0 1 0 0 1 1 1 0 1 1 1 0 0 0 1 0 0 0 0 0 1 1 1 1 1 0 0 0 0 0 0 1 1 0 1 0 1 0 1 1 0 0 0 1 1 1 0 1 1 1 0 0 1 1 1 1 1 0 1 1 1 1 0 0 0 0 1 0 0 0 0 0 1 0 1 0 1 1
130th  2 0 1 0 2 0 1 1 0 0 0 0 0 1 0 0 1 0 1 1 0 1 0 0 1 1 0 1 1 1 1 1 1 0 1 0 0 0 1 3 0 0 0 2 1 0 0 0 1 0 1 0 1 1 1 1 1 1 0 1 0 1 1 1 1 1 2 1 0 0 1 1 0 0 1 1 1 0 1 1 0 1 1 1 0 0 0 1 1 1 0 0 1 1 1 0 0 0 0 0 1 1 1 0 1 0 1 0 1 0 0 1 1 1 1 0 0 1 0 1 1 0 1 1 1 1 1 0 0 1 1 1 0 1 0 1 0 0 0 1 0 1 1 1 0 0 0 1 1 1 0 0 0 1 0 0 1 1 0 1 0 1 1 0 0 0 0 0 1 1 0 1
131th  1 2 0 2 2 0 1 0 0 1 0 1 1 1 2 1 0 1 0 1 0 1 0 1 1 0 1 1 1 0 0 1 0 1 1 0 0 0 0 2 1 0 0 2 1 1 1 0 1 1 1 1 1 0 1 1 1 0 0 0 0 1 0 1 0 0 3 1 1 1 0 1 0 0 1 0 1 1 0 1 1 0 0 0 0 0 0 1 0 0 1 1 1 0 1 1 1 1 0 0 1 1 1 1 0 0 0 0 1 1 1 1 0 1 0 1 1 0 1 1 0 1 1 1 1 0 1 1 0 0 1 0 0 1 0 1 0 1 0 1 1 1 1 0 0 0 0 1 0 1 0 0 1 1 0 0 0 1 1 0 1 0 0 1 0 0 0 0 1 0 1 0
132th  0 0 1 1 2 1 0 0 1 0 0 1 0 0 2 1 1 0 1 0 0 1 1 1 1 0 1 1 1 1 0 0 1 1 0 0 1 1 0 0 1 1 0 0 0 1 0 0 0 0 1 1 0 1 0 1 0 0 0 0 1 0 1 1 1 0 3 1 0 1 1 2 0 1 0 0 0 0 1 1 1 1 0 0 0 0 0 0 1 1 0 0 0 0 0 1 0 0 1 1 1 0 1 1 1 0 0 0 1 0 0 0 0 0 1 1 1 1 1 0 0 0 0 0 0 1 0 0 1 0 1 0 1 1 0 0 0 1 1 1 0 1 1 1 0 0 1 1 1 0 1 0 1 1 1 1 0 0 0 0 1 0 0 0 0 0 1 0 1 1 1 1
133th  1 3 1 1 2 1 2 0 1 1 1 0 1 0 0 1 1 1 3 1 0 0 0 0 1 0 0 1 1 0 0 0 0 1 0 0 0 0 0 0 0 1 1 3 0 1 0 0 1 0 0 1 0 0 1 1 0 1 0 0 0 0 1 1 0 1 4 0 0 1 0 0 0 0 0 1 1 1 1 1 1 1 1 1 0 0 1 1 1 0 0 1 0 0 0 1 1 1 0 0 0 1 0 0 0 0 0 0 1 0 1 1 0 0 1 1 5 1 1 1 0 1 1 0 1 1 0 1 0 1 0 0 1 1 1 0 1 1 1 1 0 0 1 1 0 0 0 0 1 0 1 1 1 0 1 1 0 1 1 0 0 0 0 0 0 1 1 1 0 0 1 1
134th  0 2 0 0 0 2 2 0 0 1 1 0 1 1 1 1 0 1 2 0 0 1 1 1 1 1 1 1 1 1 0 1 0 0 0 1 0 0 0 3 0 0 1 3 1 1 0 0 0 0 0 1 1 0 0 1 0 0 0 0 0 1 0 0 0 1 3 1 0 0 0 2 0 0 1 1 1 1 0 1 1 1 0 1 1 1 1 1 1 1 1 0 0 0 1 1 0 0 0 1 1 0 1 0 0 0 0 1 0 0 0 0 0 1 0 1 5 0 0 1 0 1 1 1 1 0 1 0 1 0 1 0 1 0 1 1 0 1 1 1 1 0 1 2 1 0 0 1 0 0 0 1 1 0 1 1 1 1 1 0 0 1 1 1 0 0 0 1 1 1 0 0
135th  0 3 1 1 0 0 1 1 0 1 0 1 1 1 1 0 0 1 0 1 0 0 1 0 0 0 1 1 0 1 0 0 0 1 0 0 0 1 1 1 1 0 0 0 0 0 0 0 0 0 1 1 1 0 1 0 0 1 0 0 1 0 0 0 0 0 2 0 1 0 0 0 0 1 0 0 0 1 0 1 1 0 1 0 0 0 1 1 0 0 1 1 0 0 1 1 1 0 1 1 0 0 0 1 1 0 1 0 0 0 1 1 1 0 1 0 4 1 0 1 0 1 1 1 1 1 1 1 1 1 1 1 0 1 0 1 0 1 0 0 1 1 0 2 0 0 0 0 0 0 1 1 0 1 1 0 1 0 1 0 1 1 0 1 1 1 0 1 1 1 0 0
136th  2 3 0 0 2 0 1 0 1 1 0 0 0 0 0 0 1 0 1 0 1 1 0 0 0 0 0 0 1 1 0 0 0 1 0 1 1 1 0 3 0 0 0 0 1 1 1 0 0 1 1 1 0 1 1 1 0 0 1 1 0 1 1 1 1 0 4 1 1 0 1 0 0 0 1 1 0 1 1 0 1 1 1 0 0 1 1 1 1 0 0 1 1 1 1 1 0 1 0 1 1 0 1 1 0 0 0 0 0 1 1 0 1 0 1 1 4 0 1 1 0 0 1 0 0 1 1 0 1 0 0 1 1 0 1 1 1 0 0 0 0 0 1 0 1 1 1 0 0 0 0 1 1 0 1 1 1 1 1 1 1 1 0 0 1 1 1 0 1 0 1 1
137th  2 3 0 0 0 2 2 0 1 1 0 1 0 0 2 1 0 0 2 0 1 0 0 0 0 1 1 1 1 1 0 0 1 1 1 0 0 1 0 1 1 1 1 2 0 1 0 1 0 1 0 0 0 0 0 1 1 0 0 0 1 0 1 0 1 0 1 1 1 0 0 1 1 1 1 0 0 1 0 1 0 0 1 1 0 0 0 0 0 0 1 0 1 1 1 1 1 0 1 1 1 1 0 0 1 1 0 0 0 1 1 0 0 1 0 1 1 0 1 0 1 0 0 0 1 1 0 1 1 1 0 0 0 0 1 0 1 1 0 1 0 0 1 2 0 0 1 1 0 1 1 1 0 0 1 1 0 0 1 0 0 0 0 1 1 0 0 0 1 1 0 1
138th  0 2 1 0 2 1 0 1 0 0 1 0 1 0 2 1 0 1 0 0 1 0 0 0 1 0 0 0 1 1 1 1 1 0 1 0 0 1 0 3 0 0 0 1 0 1 1 1 0 0 0 1 1 1 1 1 0 0 1 0 0 1 1 1 0 1 4 1 1 0 0 2 1 0 1 0 0 1 0 1 1 0 1 0 1 0 1 0 1 1 1 0 0 0 1 0 1 1 0 1 0 1 0 0 0 1 0 1 1 0 1 1 1 0 0 1 4 0 1 1 0 1 0 1 0 1 1 1 1 0 1 1 0 0 1 1 1 1 1 1 0 0 1 2 0 1 1 1 0 0 1 0 0 0 1 1 0 1 0 0 0 1 1 1 1 1 0 0 1 1 0 1
139th  2 0 1 0 1 0 1 0 1 0 1 1 1 1 1 1 1 0 2 1 1 0 1 0 0 1 1 1 0 1 0 1 1 0 0 0 0 0 0 1 0 0 0 1 0 0 1 0 1 0 1 0 0 1 0 1 0 0 1 1 0 0 1 1 0 0 2 0 1 0 1 2 1 1 0 0 1 1 0 1 0 1 0 1 1 1 0 1 0 0 0 1 0 0 0 0 1 0 1 1 0 1 1 0 1 1 0 1 0 0 0 0 0 0 0 1 1 1 0 1 1 0 0 0 1 1 0 0 1 0 1 0 0 1 0 0 1 1 0 1 0 0 0 2 1 1 1 1 1 0 1 0 0 0 1 0 1 1 1 0 0 1 1 1 0 0 0 1 1 1 1 0
140th  0 0 1 2 0 2 0 1 0 0 1 1 1 1 0 1 0 0 1 1 1 1 1 0 0 0 0 1 0 0 1 0 0 0 0 0 0 1 1 3 1 0 0 1 0 1 0 1 0 0 1 1 1 1 1 1 0 0 1 0 0 1 1 1 1 1 2 0 0 0 0 2 1 0 1 1 0 1 0 1 0 0 1 0 0 0 1 0 1 0 1 0 0 1 0 1 0 1 1 1 0 1 0 1 1 1 0 0 1 0 0 0 0 0 1 0 3 1 1 1 0 0 1 1 0 1 1 1 1 1 1 1 0 1 0 1 1 1 1 1 0 0 0 0 0 1 0 0 0 0 1 1 1 1 0 0 1 0 0 0 1 1 1 0 0 1 1 1 0 1 1 1
141th  2 2 0 1 0 2 2 1 0 1 0 1 1 0 0 1 1 1 3 1 0 0 1 0 0 1 0 0 0 1 1 0 0 0 1 1 0 0 1 1 0 0 0 0 1 0 0 1 1 0 0 1 0 1 1 0 0 1 0 1 1 0 1 1 1 0 0 0 1 0 0 1 0 0 0 1 0 1 1 0 0 0 1 0 0 1 1 0 1 0 0 0 1 0 0 0 0 1 0 0 0 1 1 0 1 0 0 0 0 1 0 1 1 0 0 1 1 0 0 0 0 1 0 1 0 1 1 1 1 0 0 0 1 0 0 0 0 1 1 0 0 1 1 0 0 1 1 0 1 0 0 1 1 1 0 1 1 0 1 1 1 1 1 0 0 0 1 1 0 0 1 1
142th  2 2 0 1 0 0 2 1 1 1 0 1 1 0 0 1 1 1 2 1 0 0 1 0 0 1 0 0 0 1 1 0 0 0 1 1 1 0 1 1 0 0 0 1 1 0 0 1 1 0 0 1 0 1 1 0 0 1 0 1 1 0 1 1 1 0 0 0 1 0 0 1 0 0 0 1 0 1 1 0 0 0 1 0 0 1 1 0 1 0 0 0 1 0 0 0 1 1 0 0 0 1 1 0 1 0 0 0 0 1 0 1 1 0 0 1 4 0 0 0 0 1 0 1 0 1 1 1 1 0 0 0 1 0 0 0 0 1 1 0 0 1 1 2 0 1 1 0 1 0 0 1 1 1 0 1 1 0 1 1 0 1 1 1 0 0 1 1 0 0 1 1
143th  2 1 0 2 0 1 1 1 0 0 0 1 0 0 0 1 1 1 3 0 1 1 1 1 1 1 1 1 0 1 0 1 0 0 1 1 1 0 0 2 1 0 1 3 0 1 1 0 1 1 0 0 0 0 1 0 1 1 1 1 0 1 1 1 1 0 3 0 0 1 1 0 1 0 0 1 0 1 1 0 1 1 0 0 1 1 1 1 1 0 1 0 0 0 0 0 0 1 0 0 1 1 0 1 1 0 1 1 0 1 1 1 1 1 0 0 0 1 0 0 0 1 0 0 0 0 0 1 0 0 0 0 1 0 1 0 1 0 1 0 0 1 1 1 0 1 0 0 1 0 1 1 0 1 0 1 0 0 0 1 0 1 0 0 0 0 1 1 0 1 0 1
144th  0 0 1 0 1 1 2 1 1 0 1 1 1 1 0 1 0 1 3 0 1 1 0 0 1 0 0 1 1 1 0 0 0 1 0 1 0 1 0 0 0 0 1 2 0 1 1 1 1 1 0 0 0 1 1 1 0 1 1 1 0 1 0 0 1 1 0 1 0 0 1 2 0 1 1 0 0 1 1 0 1 0 1 0 1 0 1 1 0 0 0 0 1 0 0 1 0 1 0 0 1 0 1 1 0 0 1 0 0 0 1 1 0 0 0 1 3 1 1 1 1 1 0 1 0 1 1 1 0 0 0 0 1 1 0 1 1 0 0 0 1 0 1 1 0 1 0 0 0 1 1 1 0 0 0 0 1 1 1 1 1 0 1 1 1 1 0 0 0 1 0 1
145th  1 3 0 0 0 0 0 1 1 0 0 1 1 0 1 1 0 1 3 0 0 1 1 1 1 1 0 1 1 0 1 0 1 1 1 1 0 1 1 2 0 1 0 3 1 0 1 1 1 0 1 1 1 0 0 1 0 1 1 0 1 0 1 1 1 1 2 1 0 1 0 1 1 0 0 0 1 0 0 1 1 1 1 0 0 1 1 0 1 0 0 0 1 1 1 0 0 0 1 0 0 0 0 0 1 1 1 0 1 1 0 1 0 1 1 1 3 1 0 1 1 0 1 0 1 1 0 0 1 1 0 1 0 1 1 1 1 1 1 1 1 0 1 0 0 1 1 1 0 0 1 0 0 1 1 1 0 1 0 1 1 0 0 1 0 1 0 0 0 0 1 1
146th  0 0 1 2 0 2 1 0 0 1 0 0 0 1 2 1 0 1 2 0 1 1 0 0 1 1 1 1 0 1 0 0 1 1 1 1 0 1 0 2 1 1 0 0 0 0 0 1 1 1 1 1 1 0 1 0 0 0 0 0 0 1 0 1 1 0 4 1 0 1 1 1 1 0 1 1 1 0 1 1 0 0 0 1 0 1 0 1 0 1 0 0 0 0 0 0 0 1 1 1 1 1 0 1 0 1 0 0 1 1 1 0 0 0 1 1 0 0 0 1 0 1 0 0 1 0 1 0 1 1 0 0 1 0 1 1 0 0 1 1 1 1 1 2 1 0 1 1 1 0 0 1 0 1 1 1 1 0 0 0 1 0 1 0 1 1 0 1 0 1 0 1
147th  0 2 0 0 0 0 0 0 1 0 1 0 0 0 0 0 1 0 3 0 0 0 1 1 1 1 1 0 1 0 1 0 0 1 0 1 0 0 0 3 0 1 1 3 1 0 0 1 1 0 1 1 1 1 0 1 1 1 0 1 0 1 0 1 0 1 3 1 1 0 1 0 0 1 1 1 0 0 1 0 0 0 1 1 1 1 1 1 1 0 0 0 0 1 1 1 1 1 0 1 0 0 1 1 1 1 1 1 1 1 0 0 0 0 1 1 2 1 1 1 0 0 1 1 1 0 1 0 1 1 0 1 1 0 0 0 0 1 0 1 0 0 1 2 0 1 1 0 0 0 1 1 1 0 0 1 1 0 1 0 1 1 1 0 1 1 0 1 1 1 1 0
148th  1 1 0 2 2 0 1 0 0 0 1 1 1 1 2 1 0 0 2 0 0 1 1 1 1 1 1 1 0 0 0 1 1 0 1 0 1 0 1 0 1 0 1 3 0 1 1 1 1 0 0 0 0 1 1 1 0 1 1 0 1 0 1 0 0 0 4 1 0 0 1 0 0 1 1 0 0 0 0 1 0 1 0 0 0 1 1 0 0 0 0 0 1 0 1 1 1 0 1 1 0 1 1 1 1 1 1 0 1 1 0 1 0 0 1 0 2 0 1 0 1 1 1 0 0 1 1 1 1 0 1 0 1 0 1 0 0 1 1 0 0 0 1 2 0 0 0 1 1 1 0 1 0 0 1 0 1 0 0 1 0 0 0 1 1 0 1 0 0 1 0 0
149th  0 3 0 1 2 2 0 1 0 0 0 1 1 0 0 0 1 0 3 1 1 1 1 0 0 0 1 0 1 1 1 1 1 0 0 1 1 1 1 3 0 1 0 2 0 0 0 1 0 0 0 0 1 1 0 0 0 0 0 0 1 0 0 0 1 1 2 1 0 0 0 2 1 0 0 1 1 1 1 0 0 0 0 1 1 0 0 0 0 0 0 1 0 0 1 1 0 0 0 0 1 0 1 0 0 0 0 1 1 0 0 0 0 0 0 0 1 1 0 0 0 0 1 1 0 0 1 0 0 0 1 0 0 1 0 0 1 0 1 0 1 1 1 0 0 1 0 1 0 0 1 1 0 0 0 1 0 1 0 1 1 0 0 0 1 0 1 1 1 0 1 1
150th  1 2 0 0 2 2 1 0 1 0 0 1 0 0 2 0 1 1 2 1 1 0 0 1 0 0 0 0 1 0 1 0 0 0 1 1 1 1 1 1 1 0 0 2 0 0 0 1 0 1 1 0 0 0 0 1 1 0 1 0 0 0 0 0 0 1 4 0 1 0 0 2 1 1 0 1 0 1 1 0 0 1 1 1 1 0 0 1 0 0 0 0 1 1 0 0 0 0 0 0 0 1 1 1 1 1 1 0 0 1 1 0 0 0 1 0 5 1 1 0 1 1 0 0 0 1 1 1 1 1 0 1 0 0 0 0 0 1 0 0 1 1 1 1 0 0 1 1 1 1 1 1 0 1 0 0 1 0 1 1 1 1 0 1 0 1 0 1 1 1 0 1
151th  2 1 0 0 0 1 2 1 1 0 0 1 0 0 2 0 0 0 1 1 1 1 0 0 0 1 1 0 1 1 1 0 1 0 0 0 1 0 1 2 1 1 0 2 0 0 0 0 0 0 0 1 1 1 1 0 1 1 1 1 0 0 1 1 1 0 4 0 1 0 1 2 0 1 0 1 0 0 1 0 1 0 1 0 0 1 0 0 0 1 1 0 0 0 1 0 1 1 0 0 1 0 0 1 0 1 0 1 0 0 0 1 0 0 0 0 5 0 0 1 1 0 1 0 0 0 0 0 1 1 1 0 0 1 1 0 1 1 0 0 1 0 1 1 0 1 0 1 1 0 0 1 1 1 1 1 1 1 0 1 1 0 1 0 1 1 0 1 1 1 0 1
152th  2 3 1 0 0 1 2 0 0 0 1 1 1 1 0 0 0 1 2 1 1 1 1 1 0 0 0 0 1 1 1 1 0 0 0 1 1 1 1 1 0 0 1 1 1 0 0 1 1 1 1 0 1 1 1 0 1 1 1 1 1 1 0 1 1 1 2 0 1 1 0 1 1 1 0 1 1 0 0 1 1 0 1 1 1 1 0 1 1 1 0 1 0 0 1 0 1 0 1 1 0 1 1 1 1 1 1 0 1 1 1 1 0 0 0 0 5 1 1 0 0 0 1 0 0 0 0 0 1 1 1 0 1 0 0 0 0 0 1 0 1 1 0 1 1 0 1 1 1 1 1 1 0 0 0 1 1 1 0 0 0 0 0 1 0 0 1 1 1 0 1 0
153th  2 1 1 2 0 2 2 0 0 0 0 1 0 0 2 1 1 1 3 1 1 1 1 0 0 1 0 0 1 1 1 0 1 1 0 1 1 1 1 1 0 1 1 3 0 0 0 1 0 0 0 0 0 1 1 1 0 0 1 1 0 1 0 0 1 1 3 0 1 0 0 2 1 1 1 0 1 0 1 1 0 0 1 1 1 1 1 1 1 0 0 1 0 1 1 1 1 0 0 1 0 0 0 0 1 1 1 0 1 1 0 1 1 1 0 0 3 0 1 1 1 1 1 1 0 0 0 0 1 0 0 1 0 1 1 0 1 0 1 1 1 1 1 0 0 1 1 0 0 1 0 1 0 0 0 1 1 0 1 1 0 1 0 0 1 0 1 0 0 0 1 0
154th  0 1 1 2 2 2 2 1 0 0 0 1 0 0 1 0 1 1 2 1 1 0 0 1 1 1 0 0 1 1 0 1 0 0 0 1 0 1 0 2 1 1 1 0 1 0 0 0 0 1 1 1 0 0 0 1 0 0 1 0 0 1 1 1 1 1 1 0 0 0 0 0 1 1 0 0 0 1 0 1 0 0 1 1 0 1 1 0 1 1 1 1 0 0 1 0 0 0 1 0 1 0 1 0 0 1 1 0 1 1 0 1 0 1 0 1 5 0 1 0 0 1 1 0 1 0 1 0 1 0 0 1 1 1 0 0 0 0 1 1 1 1 1 0 0 1 1 1 1 0 1 1 0 1 1 0 0 1 1 1 0 1 1 0 0 1 1 0 1 1 0 1
155th  1 2 0 1 0 1 2 0 0 1 0 0 0 1 0 1 1 0 1 0 0 1 0 0 1 0 0 0 1 0 0 1 0 0 0 1 0 0 0 3 1 0 0 2 0 0 0 0 1 1 0 1 1 1 1 0 1 0 0 0 1 0 0 0 1 0 1 0 1 0 0 1 1 1 0 1 0 1 1 0 0 1 0 0 1 1 0 1 0 1 0 1 1 1 0 0 1 0 0 0 1 1 1 1 0 0 0 0 0 0 0 0 0 1 0 0 3 1 1 0 0 0 0 0 0 1 0 1 0 1 0 0 0 1 0 0 0 0 1 1 1 0 0 1 0 1 0 1 0 1 1 1 0 1 1 1 0 0 0 0 0 1 1 1 1 0 0 1 0 1 0 0
156th  1 2 0 0 0 1 0 1 0 0 1 0 1 0 2 0 1 0 1 0 1 0 1 0 0 1 0 0 0 1 1 0 1 1 0 1 1 1 1 3 1 1 0 3 1 0 0 0 0 0 0 1 1 1 0 0 1 1 0 1 1 0 1 1 0 1 0 0 0 0 0 1 0 1 1 0 0 0 1 0 1 0 1 0 1 0 1 0 1 0 1 0 0 0 1 0 0 1 1 0 1 1 1 0 1 0 0 0 1 1 0 0 1 1 0 0 0 1 1 0 1 1 1 0 0 1 1 0 0 1 0 1 1 1 1 1 1 0 1 1 0 1 0 0 0 0 1 1 1 0 0 0 0 1 1 0 0 1 1 1 0 1 1 1 1 1 1 1 1 1 0 1
157th  1 2 0 2 2 0 1 0 0 0 1 1 1 1 2 1 0 0 2 0 0 1 1 1 1 1 1 1 0 0 0 1 1 0 1 0 1 0 1 1 1 0 1 2 0 1 1 1 1 0 0 0 0 1 1 1 1 1 1 0 1 0 1 0 0 0 2 1 0 0 1 0 0 1 1 0 0 0 0 1 0 1 0 0 0 1 0 0 0 0 0 0 1 0 1 1 1 0 1 1 0 1 1 1 1 1 1 0 1 1 0 1 0 0 1 0 3 0 1 0 1 1 1 0 0 1 1 1 1 0 1 0 1 0 1 0 0 1 1 0 0 0 1 0 0 0 0 1 1 1 0 1 0 0 1 0 1 0 0 1 0 0 0 1 1 0 1 0 0 1 0 0
158th  2 1 0 0 1 0 0 1 1 1 0 1 0 1 2 1 0 1 0 1 0 1 0 1 1 0 1 0 1 1 1 0 0 0 0 0 0 1 1 3 0 1 1 3 0 1 0 1 1 1 0 0 1 1 0 1 1 1 1 1 1 0 0 1 1 0 0 1 1 1 1 2 1 1 1 0 0 0 1 0 0 0 1 0 0 0 0 1 1 0 0 1 0 1 0 0 1 0 0 0 0 0 0 0 0 0 1 1 1 1 1 1 0 0 1 0 1 1 0 0 1 0 1 0 0 0 1 0 1 1 0 1 1 1 0 0 0 1 0 1 0 0 1 1 1 0 1 1 1 0 0 1 1 0 0 1 1 1 0 0 0 0 0 1 0 0 1 1 1 0 1 1
159th  0 1 1 1 1 0 0 1 0 0 0 0 1 1 1 0 1 0 3 1 0 1 0 0 1 1 0 1 1 1 1 1 1 0 1 0 0 0 1 2 0 0 0 1 1 0 0 0 1 0 0 0 1 1 1 1 1 1 0 1 0 1 1 1 1 1 2 1 0 0 0 2 0 0 1 1 1 0 1 0 0 1 1 1 0 0 0 1 1 1 0 0 1 1 1 0 0 0 0 0 1 1 1 0 1 0 1 0 1 0 0 1 1 1 1 0 0 1 0 1 1 0 1 1 1 1 1 0 0 1 1 1 0 0 0 1 0 0 0 1 0 0 1 1 0 0 0 1 1 1 0 1 0 1 0 0 1 1 0 0 0 1 0 0 0 0 0 0 1 1 0 1
160th  0 2 1 1 1 1 2 1 1 1 0 1 1 0 1 1 0 1 1 0 0 0 0 1 0 1 1 1 0 1 0 1 1 0 0 0 0 0 1 3 1 1 0 0 1 0 1 0 1 1 0 0 0 0 1 1 1 0 1 1 1 1 0 1 0 1 4 1 1 0 0 0 1 1 1 1 1 1 0 1 1 0 1 0 0 0 0 1 1 1 0 1 0 0 0 0 0 0 1 0 0 1 1 0 0 1 0 0 1 0 1 0 0 0 0 1 2 0 1 1 1 0 1 1 0 1 0 0 1 0 1 0 1 0 0 1 0 1 1 0 1 0 1 2 0 0 1 0 0 0 0 1 1 1 0 0 0 0 0 0 0 1 0 1 1 0 1 0 1 0 1 0
161th  0 2 1 0 0 1 1 0 0 1 0 0 0 1 0 1 0 1 0 0 1 1 0 0 1 1 1 1 0 1 0 0 1 1 1 1 0 1 0 2 1 1 0 1 0 0 0 1 1 1 1 1 1 0 0 0 0 0 0 0 0 1 0 1 1 0 4 1 0 1 1 0 1 0 1 1 1 0 1 0 0 0 0 1 0 1 0 0 0 1 0 0 0 0 0 0 0 1 1 1 1 1 0 1 0 1 0 0 1 1 1 0 0 0 1 1 0 0 0 1 0 1 0 0 1 0 1 0 1 1 0 0 1 0 1 1 0 0 1 1 1 1 1 2 1 0 1 1 1 0 0 0 0 1 1 1 1 0 0 0 1 0 0 0 1 1 0 1 0 1 0 1
162th  1 3 1 1 1 0 2 0 0 0 1 1 0 1 1 0 1 1 0 0 1 1 0 1 1 0 0 1 1 0 1 1 1 1 1 1 1 1 0 3 1 1 0 3 0 0 1 1 1 1 1 0 1 1 0 1 0 0 1 1 0 1 0 1 1 1 4 0 0 0 0 1 1 0 1 0 1 1 1 0 1 1 1 1 0 0 1 0 0 1 0 0 0 1 1 0 0 1 1 1 0 1 0 1 0 0 1 0 1 1 1 0 0 0 1 1 3 0 0 1 1 1 0 0 0 1 0 0 0 0 0 1 1 0 1 1 0 0 0 1 1 1 0 0 0 0 1 1 0 1 0 0 1 0 0 1 0 1 1 1 1 1 1 0 1 0 0 1 1 1 0 0
163th  1 3 0 1 1 0 0 0 1 0 1 0 1 0 1 0 0 0 0 1 0 0 1 0 1 1 0 1 1 0 0 0 0 1 1 1 1 1 0 0 1 1 1 2 1 1 1 1 1 1 0 1 0 0 1 0 1 0 0 0 0 1 0 0 1 1 4 0 0 1 1 0 1 0 0 1 1 0 1 0 0 1 0 0 1 1 0 0 1 0 0 1 0 1 0 1 1 1 1 1 1 1 0 0 0 0 1 0 0 1 1 0 1 0 0 0 4 0 1 1 1 1 0 0 0 0 0 0 1 1 0 0 1 0 1 1 1 1 0 0 1 1 1 2 0 1 1 0 1 1 1 0 0 1 0 0 1 1 1 1 0 1 1 0 0 0 0 0 1 0 1 0
164th  0 2 0 1 1 1 1 1 0 0 0 0 0 1 0 1 0 1 0 0 1 0 1 0 0 1 0 1 0 1 1 0 1 1 1 1 1 0 1 3 1 0 1 3 0 0 1 1 0 0 1 0 0 1 1 0 0 0 1 0 1 0 1 1 0 0 2 0 0 0 1 2 0 0 0 0 1 0 1 0 0 0 1 1 1 1 0 0 1 0 0 0 0 0 0 0 1 1 0 1 1 0 0 0 1 1 0 1 1 0 0 1 1 0 1 0 5 1 1 0 1 1 0 1 0 0 0 0 0 0 1 0 1 1 0 0 1 0 0 1 0 0 1 0 1 1 0 1 1 0 1 1 0 0 0 0 0 1 0 1 1 0 0 0 1 1 0 1 0 0 1 1
165th  1 1 1 1 1 0 1 1 1 0 1 1 1 0 2 1 0 1 1 0 0 0 0 1 0 1 1 0 1 0 1 1 0 1 1 1 1 0 0 0 0 0 0 2 0 1 1 0 0 0 0 0 0 1 0 1 1 1 0 0 1 0 0 0 1 1 3 0 0 1 1 0 1 1 1 0 0 1 0 1 0 0 1 0 0 1 0 0 0 0 0 0 1 1 1 1 0 0 0 1 1 1 0 1 0 1 0 1 0 0 1 1 1 0 0 0 4 0 1 0 0 1 1 1 0 1 0 0 1 1 0 1 1 0 1 1 0 1 1 0 0 0 0 2 0 1 1 1 0 1 0 1 1 0 1 1 0 1 0 1 0 0 0 1 0 1 0 0 0 0 1 0
166th  1 2 0 2 0 2 0 0 1 0 0 0 0 1 0 0 0 1 0 0 1 1 0 1 0 0 1 1 0 0 1 0 1 1 1 1 0 0 1 1 0 0 1 2 0 1 1 1 1 1 1 0 0 1 0 1 0 1 0 1 1 1 1 1 0 0 1 0 1 1 1 1 1 0 0 0 0 1 0 1 1 1 1 1 0 0 1 0 1 0 1 1 0 0 0 1 1 0 0 1 1 0 1 0 1 1 0 1 1 0 1 1 0 0 0 1 3 0 0 0 0 1 1 1 0 1 0 0 1 1 0 1 1 1 0 0 1 0 0 0 0 1 1 2 1 0 0 1 1 1 1 0 0 0 1 0 1 1 1 0 1 1 0 1 0 1 0 0 1 0 1 0
167th  0 3 1 2 2 0 2 1 0 0 0 1 0 0 2 0 1 1 2 1 1 0 0 1 1 1 0 0 1 1 0 1 0 0 0 1 0 1 0 0 1 1 1 3 1 0 0 0 0 1 1 1 0 0 0 1 0 0 1 0 0 1 1 0 1 1 0 0 0 0 0 0 1 1 0 0 0 1 0 1 0 0 1 1 0 1 1 0 1 1 1 1 0 0 1 0 0 0 1 0 1 0 1 0 0 1 1 0 1 1 0 1 0 1 0 1 5 0 1 0 0 1 1 0 1 0 1 0 1 0 0 1 1 1 0 0 0 0 1 1 1 1 1 2 0 1 1 1 1 0 1 1 0 1 1 0 0 1 1 1 0 1 1 0 0 1 1 0 1 1 0 1
168th  0 2 1 0 0 0 1 0 1 1 1 0 1 0 1 0 1 0 2 0 0 0 0 0 1 1 1 1 1 1 0 1 0 1 0 0 0 1 1 3 1 1 0 0 1 1 1 0 0 1 0 1 0 0 0 1 0 1 1 1 1 0 0 0 1 1 3 0 0 1 0 1 0 0 1 1 1 0 0 1 1 1 1 0 0 0 0 0 0 1 0 1 1 0 0 1 1 1 1 1 1 1 0 1 0 1 0 0 0 1 0 1 0 1 0 1 0 0 0 0 1 1 1 0 0 1 1 1 1 1 1 0 1 1 0 1 1 0 0 0 1 0 1 0 1 0 0 1 0 0 0 0 1 1 0 0 0 1 1 0 0 1 1 1 0 0 1 0 1 0 1 0
169th  0 2 0 0 1 2 1 0 1 0 0 1 0 0 2 0 0 1 3 0 0 0 1 1 1 1 1 0 0 0 0 1 1 1 1 1 0 1 1 2 0 0 0 1 0 1 0 1 0 0 0 0 0 1 0 0 1 0 1 1 0 0 0 0 1 0 0 0 1 1 1 0 0 1 1 0 1 0 1 0 0 0 1 1 0 1 1 1 0 0 0 0 0 1 0 1 1 0 0 1 1 1 1 0 1 0 1 1 1 0 1 1 1 1 0 1 3 1 0 1 0 0 1 0 0 1 0 1 1 0 0 1 1 1 0 1 0 1 0 0 1 1 0 0 0 1 1 1 0 0 0 1 1 1 1 1 0 0 0 1 0 1 1 0 0 1 1 0 1 1 1 1
170th  2 2 1 2 0 0 2 0 1 0 1 1 0 1 1 1 0 0 1 1 0 1 0 0 0 0 0 1 0 0 0 0 1 0 0 1 1 1 1 0 1 1 1 2 0 0 1 1 1 1 0 1 0 1 1 0 0 0 0 1 0 1 1 1 1 1 2 0 1 1 0 0 1 0 0 0 0 1 0 1 1 1 1 0 0 0 1 1 0 1 0 1 0 1 1 0 0 1 0 0 0 1 0 1 0 1 1 0 1 0 1 1 0 1 0 1 2 0 1 0 1 0 0 1 0 0 1 1 0 0 1 1 0 0 1 1 0 1 0 1 0 1 1 1 1 1 0 1 1 1 1 0 1 0 1 0 0 0 0 0 1 1 0 0 0 1 1 0 0 1 0 0
171th  0 1 1 1 2 1 2 1 1 1 0 0 0 0 2 0 1 1 2 1 1 0 0 1 0 1 0 1 0 1 1 0 0 0 0 1 1 0 0 3 1 1 1 1 1 1 1 0 1 1 1 1 1 0 0 0 1 0 1 0 0 0 0 1 0 1 3 1 1 0 0 2 0 0 1 1 1 1 0 1 0 0 0 0 0 1 1 1 0 0 0 1 0 1 0 1 1 0 0 1 0 0 0 1 0 1 1 1 1 0 0 1 0 1 0 1 1 1 1 0 0 1 0 0 1 0 0 1 1 1 0 1 0 1 1 0 0 0 1 0 1 0 1 1 1 1 0 1 1 0 1 0 1 0 1 1 1 0 0 0 0 0 1 1 1 0 1 1 1 0 1 1
172th  1 1 0 2 1 0 1 0 0 0 0 1 1 1 0 0 1 0 2 0 0 1 1 0 0 0 1 0 1 0 1 1 1 0 0 1 0 1 1 0 0 1 0 2 1 0 0 1 0 1 0 0 1 1 1 1 1 0 0 0 0 1 0 0 0 0 1 1 0 1 1 2 1 0 0 0 1 1 1 0 0 1 0 1 0 0 1 0 0 0 1 1 1 0 0 0 1 1 0 1 1 1 0 0 1 0 1 1 0 1 0 1 0 1 1 1 2 0 1 1 1 1 1 1 1 1 1 1 1 1 1 1 1 1 1 1 0 1 1 0 0 0 0 0 1 1 0 1 0 1 1 0 1 0 1 0 0 0 0 0 1 0 0 1 0 0 1 1 1 0 1 1
173th  0 1 1 2 0 1 0 0 1 1 0 1 0 0 0 0 0 1 1 1 0 1 0 0 0 1 0 0 1 0 0 1 0 0 0 1 1 1 0 1 0 0 0 0 1 1 0 1 1 0 1 1 0 1 0 1 0 1 0 1 1 1 0 1 0 0 0 0 0 0 0 0 1 0 1 0 1 1 0 1 0 0 0 0 1 1 0 0 0 1 0 0 0 1 1 1 0 0 1 1 1 1 1 0 0 1 1 0 0 0 0 0 1 0 0 0 5 0 1 1 1 0 0 1 0 0 0 0 1 0 0 0 0 0 1 1 1 0 0 0 1 1 0 2 1 0 1 1 1 1 0 0 0 1 1 1 0 0 0 0 0 0 0 1 0 1 0 1 1 1 0 1
174th  0 0 0 0 0 0 0 0 0 0 0 0 0 0 0 0 0 0 0 0 0 0 0 0 0 0 0 0 0 0 0 0 0 0 0 0 0 0 0 0 0 0 0 1 0 0 0 0 0 0 0 0 0 0 0 1 0 0 0 0 0 0 0 0 0 0 0 0 0 0 0 0 0 1 0 0 0 0 0 1 0 0 0 0 0 0 0 0 0 0 0 0 0 0 0 0 0 0 0 0 0 0 0 0 0 0 0 0 0 0 0 0 0 0 0 0 0 0 0 0 0 0 0 0 0 0 0 0 0 0 0 0 0 1 0 0 0 0 0 0 0 0 0 0 0 0 0 0 0 0 0 0 0 0 0 0 0 0 1 0 0 0 0 0 0 1 0 1 1 0 1 1
175th  1 1 1 1 1 1 2 1 1 1 1 1 1 1 1 1 1 1 1 1 1 1 1 1 1 1 1 1 1 1 1 1 1 1 1 1 1 0 1 1 1 1 1 1 1 1 1 1 1 1 1 1 1 1 1 1 1 1 1 1 1 1 1 1 1 1 0 1 1 1 1 1 1 1 1 1 1 1 1 0 1 1 1 1 1 1 1 1 1 1 1 1 1 1 1 1 1 1 1 1 1 1 1 1 1 1 1 1 1 1 1 1 1 1 1 1 0 1 1 1 1 1 1 1 1 1 1 1 1 1 1 1 1 0 1 1 1 1 1 1 1 1 1 1 1 1 1 1 1 1 1 1 1 1 1 1 1 1 0 1 1 1 1 1 1 0 1 0 0 1 0 0
176th  2 2 0 2 2 0 2 1 0 1 0 1 0 1 2 0 1 0 2 1 0 1 0 1 0 1 0 1 0 1 0 1 0 1 0 1 0 1 0 2 1 0 1 2 0 1 0 1 0 1 1 1 0 1 0 1 0 1 0 1 0 1 0 1 0 1 0 0 1 0 1 2 0 1 0 1 0 1 0 1 1 1 0 1 0 1 0 1 0 1 0 1 0 1 0 1 0 1 0 1 0 1 0 1 0 1 0 1 0 1 0 1 0 1 0 1 0 0 1 0 1 0 1 1 1 0 1 0 1 0 1 0 1 0 0 0 1 0 1 0 1 0 1 2 0 1 0 1 0 1 0 1 0 1 0 1 0 1 0 1 0 1 0 1 0 0 0 0 1 1 0 1
177th  0 3 1 0 2 2 1 0 1 0 1 0 1 0 2 1 0 1 3 0 1 0 1 0 1 0 1 0 1 0 1 0 1 0 1 0 1 0 1 2 0 1 0 0 1 0 1 0 1 0 1 0 1 0 1 0 1 0 1 0 1 0 1 0 1 0 0 1 1 1 0 1 1 0 1 0 1 0 1 1 0 1 1 0 1 0 1 0 1 0 1 0 1 0 1 0 1 0 1 0 1 0 1 0 1 0 1 0 1 0 1 0 1 0 1 0 0 1 0 1 0 1 0 1 0 1 0 1 0 1 0 1 0 1 1 1 0 1 0 1 0 1 0 1 1 1 1 0 1 0 1 0 1 0 1 0 1 0 1 0 1 0 1 0 1 1 1 1 0 0 1 1
178th  1 0 0 0 0 0 1 0 0 0 1 1 1 1 0 0 1 1 1 1 0 0 1 1 0 0 0 1 1 1 1 0 1 0 0 0 1 0 0 3 1 0 0 2 1 0 1 0 1 0 0 1 1 0 1 1 0 0 0 1 0 1 1 1 0 1 1 1 0 1 1 1 0 0 1 1 0 0 0 1 1 0 0 1 0 1 0 1 1 1 0 1 0 1 0 0 1 0 1 0 0 1 1 1 0 0 1 1 1 0 1 1 1 0 1 0 5 0 0 0 0 1 0 1 1 1 0 1 1 0 1 0 0 0 0 1 0 0 1 1 1 1 1 1 1 1 0 0 1 1 1 1 0 0 1 0 0 0 1 0 1 0 1 0 0 1 1 0 1 0 1 1
179th  2 3 1 0 1 2 1 0 1 1 1 0 0 1 0 1 0 0 0 1 1 0 0 1 1 0 0 1 1 0 0 1 1 0 0 1 0 0 0 3 1 1 0 2 0 1 1 0 0 1 1 0 0 1 1 0 0 1 1 0 0 1 1 0 0 1 1 1 0 0 1 0 1 0 0 1 1 0 0 1 1 1 1 1 0 0 1 0 0 1 1 0 0 1 1 0 0 1 1 0 0 1 1 1 0 0 1 0 0 1 1 0 0 1 1 0 0 0 1 1 0 0 1 1 0 0 1 1 0 0 1 1 0 0 0 1 0 0 1 1 0 0 1 0 1 0 0 1 1 0 0 1 1 0 1 1 0 0 0 1 0 0 0 1 1 1 0 0 0 0 1 1
180th  2 2 1 2 1 1 2 0 0 0 0 1 1 0 1 1 0 0 3 1 1 1 0 0 0 0 1 1 1 1 0 0 0 0 1 1 1 1 1 0 0 0 0 0 0 1 1 1 0 0 0 0 0 1 1 1 1 0 0 1 0 1 1 0 1 1 2 0 0 0 1 0 1 1 1 0 0 0 0 1 1 0 1 0 1 1 0 1 1 1 0 0 1 1 0 0 0 0 1 1 1 1 0 0 0 1 1 0 1 0 0 1 0 1 1 0 0 1 0 0 1 0 1 1 0 1 0 0 1 0 1 1 0 1 1 0 1 0 1 1 0 1 0 1 0 1 0 1 1 0 1 0 0 1 0 1 1 0 1 0 1 1 1 1 0 1 0 1 0 1 0 0
181th  2 0 1 1 1 0 2 0 1 0 1 1 0 0 1 1 0 0 1 1 0 1 0 0 0 0 0 0 0 0 0 0 1 0 0 1 1 1 1 2 1 1 1 2 0 0 1 1 1 1 0 1 0 1 1 0 0 0 0 1 0 1 1 1 1 1 1 0 1 1 0 1 1 0 0 0 0 1 0 1 1 1 1 0 0 0 1 1 0 1 0 1 0 1 1 0 0 1 0 0 0 1 0 1 0 1 1 0 1 0 1 1 0 1 0 1 0 0 1 0 1 0 0 1 0 0 1 1 0 0 1 1 0 0 1 1 0 1 0 1 0 1 1 1 1 1 0 1 1 1 1 0 1 0 1 0 0 1 0 0 1 1 0 0 0 1 1 0 0 1 0 0
182th  2 0 0 1 0 1 0 0 1 0 1 0 1 1 1 0 1 0 2 0 0 0 1 1 1 0 1 1 0 1 0 0 1 1 0 0 0 0 0 3 0 1 1 1 1 1 1 1 1 0 1 0 0 0 1 1 0 1 0 1 1 0 1 0 0 0 2 0 1 0 1 2 1 0 1 1 0 0 1 0 0 1 0 0 0 1 1 1 0 0 0 0 1 1 1 0 1 1 0 1 0 1 0 0 1 0 1 0 0 1 0 1 1 0 1 1 0 0 0 1 0 0 1 0 0 1 1 0 1 1 0 1 1 0 0 0 0 0 0 1 1 1 0 2 1 0 0 1 0 0 1 1 0 0 0 1 1 1 1 0 1 0 1 0 0 0 0 0 1 1 0 0
183th  0 1 0 0 1 1 2 1 0 1 0 0 1 1 2 1 0 1 0 0 0 1 1 0 1 1 0 0 1 0 0 1 0 0 1 1 0 1 0 2 1 1 0 2 0 0 0 0 0 1 0 1 1 1 0 0 1 0 1 0 1 1 0 0 0 1 2 1 0 1 0 1 0 1 0 0 1 1 0 1 1 1 1 0 1 0 0 0 1 0 1 1 0 0 0 1 0 0 1 0 1 1 1 0 0 1 0 1 1 0 1 0 0 1 0 0 0 1 1 0 1 1 0 1 1 0 0 1 0 0 0 0 1 1 0 1 1 1 1 0 0 0 1 1 0 1 1 0 1 0 0 0 1 1 0 0 1 0 0 1 0 1 0 1 1 1 1 1 0 0 1 0
184th  1 2 1 2 2 2 1 1 0 0 1 1 0 1 0 0 0 1 0 0 0 0 1 0 0 0 1 1 1 0 1 1 1 1 0 1 0 1 0 1 0 1 1 0 0 0 0 0 1 0 1 1 0 0 1 0 1 1 0 0 0 1 0 0 1 1 2 1 1 1 0 0 1 0 1 1 0 0 0 1 0 0 0 1 1 1 0 0 0 0 1 1 1 1 1 0 1 0 0 1 0 0 1 1 0 1 0 0 1 0 1 1 1 1 0 0 0 0 1 0 0 0 1 1 1 1 0 0 0 1 0 1 1 0 1 1 0 0 1 0 0 0 0 2 0 1 1 1 0 1 0 1 1 0 1 0 0 0 1 0 0 1 0 0 0 0 0 1 1 1 0 1
185th  2 3 1 1 0 2 2 1 1 1 0 0 1 0 2 1 1 1 2 1 1 0 1 1 0 1 0 0 0 1 1 0 0 0 1 0 1 0 0 0 1 1 0 2 1 1 1 1 0 0 0 0 0 1 0 1 0 0 1 1 0 0 1 0 1 0 2 0 0 0 0 0 1 1 0 1 1 1 1 0 1 1 1 1 0 0 1 1 1 0 0 0 0 0 1 1 0 1 1 0 1 0 0 1 1 1 1 0 0 1 0 0 0 0 1 1 0 1 0 1 1 1 0 0 0 0 1 1 1 0 1 0 0 1 1 0 1 0 0 1 1 0 1 0 1 0 0 0 1 1 0 0 0 1 1 1 0 0 0 1 0 0 1 1 1 1 1 0 1 0 1 1
186th  0 0 0 2 0 1 0 0 0 1 1 1 0 0 2 1 1 1 3 1 0 1 0 0 1 0 1 0 1 0 1 1 0 1 1 0 0 0 1 1 1 0 0 2 0 1 1 0 1 1 1 1 1 1 0 1 0 0 0 0 1 1 1 0 0 0 3 0 1 1 1 2 0 0 0 0 1 0 0 1 1 1 0 1 1 0 1 1 0 1 1 1 1 0 0 0 1 1 1 0 1 0 0 1 1 0 0 1 1 1 0 1 0 1 1 0 0 0 0 0 0 1 1 1 0 0 0 1 0 1 0 0 1 0 1 0 1 1 1 1 1 0 0 0 1 0 0 1 0 1 1 0 1 1 0 0 0 1 0 0 1 0 0 1 1 1 0 0 0 0 1 1
187th  2 1 1 0 0 2 1 1 0 0 1 1 0 1 0 0 0 1 1 1 1 1 0 0 0 0 0 1 1 1 1 1 1 1 1 1 0 0 0 0 0 1 0 3 1 0 0 1 1 1 0 0 1 0 1 0 1 1 1 0 1 0 1 1 1 1 3 0 1 1 0 0 1 0 0 1 1 1 1 1 0 0 0 1 1 1 1 0 0 0 0 1 1 1 1 1 1 1 0 1 0 1 1 1 0 0 0 1 0 1 0 1 1 1 1 0 5 0 1 1 1 1 0 0 0 0 0 1 1 0 0 1 1 1 0 0 1 1 0 1 1 0 1 0 0 0 1 1 1 1 1 1 0 0 0 0 1 0 1 1 1 1 0 0 1 1 1 1 1 1 1 1
188th  1 3 1 1 0 0 2 1 0 1 0 1 1 0 0 1 0 0 0 1 0 1 0 0 0 0 1 1 0 1 0 1 1 0 0 0 1 0 1 0 1 1 1 2 1 0 0 0 0 1 0 0 1 0 1 1 1 1 1 0 1 1 1 1 0 0 3 1 1 0 0 1 0 1 1 0 1 0 1 0 0 0 1 1 0 1 0 0 1 1 1 0 0 0 0 0 0 1 0 0 1 1 0 0 1 0 0 1 1 0 1 1 0 0 1 1 2 0 1 1 1 0 0 0 1 1 0 1 0 1 1 1 1 1 1 0 0 1 1 0 0 0 0 2 1 0 0 1 1 1 1 1 0 1 1 1 1 1 0 1 0 0 0 0 0 0 0 1 0 0 1 1
189th  1 2 0 1 2 2 1 0 1 1 0 0 0 0 1 1 0 1 0 0 1 1 1 0 0 1 0 0 0 1 0 0 1 0 1 0 0 1 0 1 1 1 1 3 1 0 0 0 1 1 0 1 1 0 0 0 0 0 1 1 1 0 1 1 0 0 3 1 1 0 0 2 0 0 0 1 1 0 1 0 0 0 0 1 1 0 1 0 1 1 1 1 1 0 1 1 1 0 1 0 0 0 1 0 0 0 1 1 0 0 1 0 0 1 1 1 4 1 0 1 1 0 1 0 1 0 1 1 1 1 1 0 0 1 0 0 1 1 0 1 1 0 1 1 1 0 0 1 0 1 1 0 1 1 1 0 1 1 0 1 1 0 0 0 1 1 1 1 0 0 1 0
190th  2 3 1 2 2 0 2 0 0 1 1 0 1 1 2 0 0 1 0 1 1 1 0 1 0 1 0 0 1 1 0 0 0 1 1 1 1 0 1 1 0 0 1 1 1 1 0 0 1 0 0 1 0 1 0 0 1 1 1 0 1 0 0 1 0 0 4 0 0 1 0 1 1 0 1 1 1 0 0 1 0 1 0 1 1 1 1 1 0 0 0 1 1 1 0 1 0 0 1 0 0 0 1 0 1 1 1 0 0 0 1 1 1 0 1 1 0 1 1 0 1 1 0 0 0 0 1 0 0 0 0 1 1 1 1 1 0 0 0 0 1 0 1 1 1 1 1 0 1 0 0 0 0 0 0 0 1 1 1 1 1 0 0 1 0 0 1 0 1 1 0 0
191th  0 1 0 1 2 1 1 0 1 0 1 0 1 1 0 0 1 0 1 1 0 0 1 1 0 0 0 1 0 0 0 1 0 0 1 0 0 1 0 0 0 0 1 3 0 1 1 1 0 1 0 0 1 1 1 1 0 0 0 1 0 0 1 1 1 1 4 0 1 1 0 1 0 1 0 1 1 1 0 1 0 0 1 0 0 0 0 0 0 0 1 1 1 1 1 1 0 1 0 1 0 1 0 1 0 0 1 0 0 0 0 0 1 0 0 0 0 0 0 1 0 1 1 1 1 1 0 0 1 0 0 0 0 0 0 1 1 0 1 1 0 1 0 2 1 0 1 0 0 0 0 1 1 0 0 1 1 0 0 0 0 1 0 0 1 0 1 0 1 1 0 0
192th  1 3 1 0 0 2 0 1 1 1 0 1 0 0 1 1 1 0 2 0 1 1 0 1 1 0 1 0 1 1 0 1 0 0 0 0 0 1 1 0 1 0 0 2 0 1 1 0 0 0 1 1 0 1 0 1 0 0 0 0 1 1 0 0 1 1 4 1 0 0 1 2 0 0 1 0 0 1 1 0 1 0 1 1 1 1 1 0 0 1 1 1 1 0 1 1 0 0 0 0 1 0 0 0 0 1 0 0 0 1 0 0 0 0 1 0 0 1 0 1 1 0 1 0 0 1 0 0 1 1 1 0 1 1 1 0 0 1 0 0 0 1 1 1 0 0 0 0 0 0 0 1 1 0 1 0 0 1 1 0 1 1 1 1 1 1 0 0 0 1 0 0
193th  1 1 1 1 1 1 1 1 0 0 1 1 0 1 1 0 0 0 3 0 0 0 1 0 1 0 0 1 0 0 1 0 1 1 0 0 1 0 1 3 0 0 1 2 0 1 0 1 1 1 0 0 0 0 1 1 1 1 1 0 0 1 1 0 1 1 4 0 1 0 1 2 0 1 0 1 0 1 0 1 1 0 0 0 0 0 0 1 1 1 1 1 0 1 0 0 1 1 0 0 0 0 1 1 1 1 0 1 0 1 1 1 0 1 0 1 0 1 0 0 0 0 0 1 1 0 1 1 0 0 1 1 0 0 0 0 1 0 0 1 1 1 0 0 0 1 1 0 1 1 1 1 0 1 0 0 0 0 1 1 0 0 0 0 0 1 1 1 1 0 1 0
194th  1 2 0 2 2 0 1 1 1 1 0 1 0 0 0 0 0 0 0 1 1 1 0 0 0 1 0 1 1 0 1 1 1 0 0 1 1 0 0 2 0 0 0 2 0 1 1 1 0 0 1 1 1 0 1 1 0 0 1 1 1 1 0 0 0 0 2 0 1 1 1 0 1 1 1 0 1 0 1 1 0 1 1 0 0 1 0 0 0 1 1 0 0 0 0 0 1 0 1 1 0 0 1 1 1 1 1 1 0 1 0 1 0 0 0 0 5 0 0 1 1 0 1 0 0 0 0 0 1 1 1 1 1 0 0 1 0 1 0 1 1 1 1 2 1 1 1 0 1 1 0 1 1 1 1 1 0 0 0 1 0 1 1 0 0 0 1 0 1 0 1 1
195th  0 3 0 2 1 0 1 1 1 1 0 1 0 1 2 0 0 0 1 1 0 1 0 1 1 0 1 0 1 1 1 0 0 0 0 0 0 1 1 0 1 1 1 1 0 1 0 1 1 1 0 0 1 1 0 1 1 1 1 1 1 0 0 1 1 0 0 1 1 0 1 2 1 1 1 0 0 0 1 1 0 0 0 0 0 0 0 1 1 0 1 1 0 1 1 0 1 0 0 0 0 0 0 0 0 0 1 1 1 1 1 1 0 1 1 1 1 1 0 0 1 0 1 0 0 0 1 0 1 1 0 1 1 1 0 0 0 1 0 1 0 1 1 2 1 0 1 1 1 0 0 1 1 0 0 1 1 1 0 0 0 0 0 1 0 0 1 1 1 0 1 0
196th  0 3 1 2 2 0 1 0 1 1 1 0 1 0 1 0 1 0 1 0 0 0 0 0 1 1 1 1 1 1 0 1 0 1 0 0 0 1 1 1 1 1 0 1 1 1 1 0 0 1 0 1 0 0 0 1 0 1 1 1 1 0 0 0 1 1 3 0 0 1 0 0 0 0 1 1 1 0 0 1 1 1 1 0 0 0 1 0 0 1 0 1 1 0 1 1 1 1 1 1 1 1 0 1 0 1 0 0 0 1 0 1 0 1 0 1 0 0 0 0 1 0 1 0 1 1 1 1 1 1 1 0 0 1 0 1 1 0 0 0 1 0 1 1 1 1 0 1 0 0 0 1 1 1 0 0 0 1 1 0 0 1 1 1 0 0 1 1 1 0 1 0
197th  0 3 1 0 2 2 0 1 1 1 1 1 0 1 1 1 0 1 2 1 0 0 0 0 1 0 1 0 0 0 1 1 0 1 1 0 0 0 0 0 1 1 0 1 1 0 0 1 0 1 1 1 1 0 1 1 0 1 1 0 0 1 1 1 1 0 0 1 0 1 1 1 1 0 1 1 0 0 0 1 0 0 1 1 0 0 1 0 1 0 0 1 1 1 0 1 0 0 1 0 0 1 0 1 0 0 1 0 0 0 0 1 0 1 0 0 1 0 0 1 0 0 1 1 1 1 1 0 1 1 0 0 1 1 1 1 1 0 0 0 1 0 1 1 1 1 0 1 0 1 0 1 1 1 0 0 0 1 1 1 0 1 0 0 0 1 0 0 0 0 1 1
198th  1 0 1 1 2 1 1 1 0 1 0 0 1 0 0 0 0 0 0 0 1 1 0 1 1 1 1 0 0 1 0 1 1 0 0 1 0 0 0 0 1 0 1 2 1 0 1 1 0 0 0 1 1 0 1 1 1 0 1 1 1 1 0 0 0 1 1 1 0 0 0 2 0 1 1 0 0 1 1 0 0 1 0 0 1 1 0 1 0 0 1 0 0 1 0 0 0 0 1 0 1 0 1 0 1 1 1 0 0 1 0 1 1 1 1 0 1 0 0 1 1 0 0 0 0 1 0 1 1 0 1 1 1 0 0 1 1 0 1 0 1 1 0 1 0 1 1 0 0 0 0 1 0 1 0 1 1 0 0 1 1 1 0 0 1 0 0 1 1 1 0 1
199th  1 1 0 0 2 0 0 1 1 0 0 1 1 0 2 1 0 1 3 0 0 1 1 1 1 1 0 1 1 0 1 0 1 1 1 1 0 1 1 3 0 1 0 1 1 0 1 1 1 0 1 1 1 0 0 1 0 1 1 0 1 0 1 1 1 1 1 1 0 1 0 1 0 0 0 0 1 0 0 1 1 1 1 0 0 1 1 0 1 0 0 1 1 1 1 0 0 0 1 0 0 0 1 0 1 1 1 1 1 1 0 1 0 1 1 1 3 1 0 1 1 0 1 0 1 1 0 0 1 1 0 1 0 1 1 1 1 1 1 1 1 0 1 2 0 1 1 1 0 0 1 0 0 1 1 1 0 1 0 1 1 0 0 1 0 1 0 0 0 0 1 1
200th  0 2 1 1 1 0 2 1 1 1 1 0 1 1 1 0 1 1 0 1 0 0 1 1 0 0 1 0 1 0 0 0 0 1 1 1 1 1 1 0 0 1 0 1 0 1 1 0 1 1 1 0 1 1 1 1 0 1 0 0 1 0 1 0 0 1 1 1 0 1 0 0 1 0 1 1 1 1 1 0 1 1 0 1 0 1 1 0 1 0 0 1 0 1 0 1 1 0 0 1 0 0 0 1 0 0 1 1 1 1 0 0 0 1 1 1 1 1 1 0 0 1 1 0 0 0 0 0 0 0 0 1 1 1 1 0 1 0 0 0 1 1 0 0 1 0 1 1 0 0 0 0 0 0 1 1 1 1 0 0 1 0 1 0 0 1 0 1 1 1 0 0
201th  0 3 1 2 2 2 2 0 0 0 1 1 1 0 0 1 1 1 0 1 0 1 1 1 1 1 1 0 0 1 1 1 1 1 0 1 1 1 0 2 0 1 1 2 1 1 0 1 1 1 1 1 0 1 1 0 0 0 0 1 1 1 0 1 0 1 3 1 1 0 0 2 0 1 1 1 0 1 1 0 1 1 0 1 0 0 1 1 0 0 1 0 0 0 0 0 1 1 1 0 0 1 1 0 0 1 1 1 0 1 1 1 1 1 1 1 4 1 0 1 1 1 1 0 0 1 1 1 1 1 1 0 1 0 1 0 1 1 1 1 1 1 1 2 1 1 1 1 1 0 1 0 0 0 1 0 1 0 1 1 0 0 0 1 0 1 1 1 0 0 1 1
202th  2 0 0 2 1 0 1 0 1 1 0 1 0 0 2 1 1 0 3 1 0 0 0 0 0 0 0 1 0 1 1 1 1 1 0 1 1 1 1 0 1 0 0 3 1 1 0 0 0 0 1 1 0 1 1 1 0 1 0 1 0 0 0 1 1 0 2 1 0 1 1 0 0 1 0 0 0 1 0 1 1 0 1 1 0 0 1 0 1 1 0 0 0 0 1 1 1 1 0 0 1 1 1 1 1 0 1 1 0 1 1 0 1 1 1 0 1 0 1 0 0 1 1 0 1 1 1 1 1 1 0 0 0 0 1 0 0 0 0 0 0 0 1 1 1 0 0 1 1 0 1 0 1 0 1 1 1 1 0 0 1 0 1 1 0 0 1 0 0 1 0 1
203th  0 1 0 0 0 1 2 0 0 0 0 1 1 0 0 1 0 0 2 0 1 1 1 0 0 1 1 1 0 1 0 0 0 0 1 0 1 1 0 0 1 0 1 3 0 0 1 1 1 0 0 0 1 0 1 0 1 0 1 0 1 1 1 1 1 1 2 0 0 1 1 1 1 0 1 0 1 1 0 1 1 0 0 0 1 1 0 1 1 1 0 1 1 1 0 0 0 0 1 1 1 1 0 0 0 1 0 1 1 1 0 0 1 0 0 1 1 0 0 1 1 1 1 1 0 0 1 1 1 1 1 0 0 1 1 1 1 1 1 1 1 1 0 0 0 1 0 0 0 1 0 0 1 1 1 1 0 1 1 0 0 0 1 0 0 1 1 0 0 0 1 0
204th  1 2 0 2 0 0 2 0 1 0 1 0 0 0 2 1 0 1 1 1 1 0 0 1 1 0 0 0 0 0 0 1 1 0 0 0 0 0 0 2 0 1 0 1 0 0 1 0 0 1 1 1 0 0 0 1 1 0 1 0 0 1 0 0 0 0 2 1 1 0 0 2 1 0 0 0 1 0 0 1 0 0 1 0 1 0 1 1 0 1 1 0 1 1 0 1 1 1 1 1 0 1 1 1 1 0 1 0 0 0 1 1 0 1 1 0 1 1 0 1 0 0 0 0 1 1 0 1 0 0 1 1 1 1 0 1 1 1 0 0 1 0 0 1 1 0 1 0 0 0 1 1 0 0 0 0 0 0 0 1 1 1 1 1 1 0 0 1 0 1 0 1
205th  2 0 0 2 1 0 0 0 0 1 1 0 1 1 0 1 0 1 0 1 0 0 0 0 1 0 1 1 1 0 0 1 0 1 1 0 0 0 1 1 1 0 0 1 1 1 1 0 1 1 1 0 1 0 1 1 1 0 0 0 0 1 0 1 0 0 3 1 1 1 0 2 0 0 1 0 1 1 0 1 1 0 0 0 0 0 0 1 0 0 1 1 1 0 1 1 1 0 0 0 1 1 1 1 0 0 0 0 1 0 1 1 0 1 0 1 1 0 1 1 0 1 1 1 1 0 1 1 0 0 1 0 0 1 0 1 0 1 0 1 1 1 1 0 0 0 0 1 0 1 0 0 1 1 0 0 0 1 1 0 0 0 0 1 0 0 0 0 0 0 1 0
206th  2 0 1 2 0 2 1 0 1 0 1 0 1 1 1 1 0 1 2 0 1 0 1 0 1 1 0 1 1 1 1 1 1 0 1 0 1 0 0 3 0 0 1 0 1 1 0 1 1 0 0 1 1 1 0 0 1 0 1 1 0 1 1 0 1 0 3 0 1 0 0 0 0 1 1 1 0 0 1 0 1 0 1 0 1 0 1 0 0 0 1 1 1 1 1 1 0 1 1 0 1 0 1 0 0 1 1 0 1 1 1 1 1 0 1 1 1 0 0 1 1 0 1 1 0 1 1 0 0 0 0 1 0 1 1 1 0 0 1 1 0 1 0 2 0 1 1 1 1 1 0 1 1 1 0 1 0 0 1 1 0 1 0 1 1 0 1 0 0 0 1 0
207th  1 1 0 1 0 2 2 1 1 0 1 0 1 0 0 0 0 0 3 1 0 0 0 1 0 1 1 0 0 0 0 0 0 1 0 1 0 0 0 3 0 1 0 1 1 1 0 0 0 0 0 0 0 1 1 1 0 1 0 0 1 0 0 0 1 1 3 0 1 1 0 0 0 0 0 1 0 1 0 1 0 1 0 1 1 0 0 0 0 0 0 1 0 1 0 1 1 0 0 1 1 0 0 0 1 1 0 0 0 1 0 1 0 0 0 0 1 0 1 0 0 0 0 0 1 1 0 0 0 0 1 0 1 0 0 0 1 0 0 0 1 0 0 0 0 1 1 0 0 1 0 1 0 0 1 0 1 0 0 0 1 0 0 0 0 1 1 0 1 1 0 0
208th  2 3 0 1 2 1 1 1 0 0 1 1 1 0 1 1 0 0 1 0 1 1 0 0 1 1 0 1 1 1 0 1 1 0 0 1 0 1 1 1 0 1 0 1 0 0 0 0 0 0 1 1 0 0 0 1 1 0 1 1 0 1 1 0 1 0 1 0 0 0 1 2 0 1 1 0 1 0 1 0 1 0 1 0 0 1 0 0 0 0 0 1 1 1 1 0 1 1 1 0 1 1 0 1 1 1 1 0 0 0 1 1 0 0 0 1 5 1 0 0 0 0 0 1 0 1 1 1 1 1 0 1 1 0 1 1 0 1 1 0 1 0 1 1 1 0 1 1 1 0 0 1 0 0 0 0 1 1 0 0 0 0 1 0 1 1 0 1 0 1 0 0
209th  2 3 0 0 1 2 0 1 0 1 1 0 1 0 1 0 1 0 1 0 0 0 0 1 1 0 1 0 1 0 0 0 0 0 0 1 0 1 0 1 1 0 1 3 0 0 1 1 0 1 1 0 1 0 1 1 0 1 1 0 0 1 1 0 0 1 3 0 0 0 1 0 1 1 0 0 1 1 0 1 0 1 0 1 0 1 0 1 0 0 0 0 0 1 0 0 0 1 1 1 0 1 0 1 1 1 1 0 1 0 0 0 1 1 1 0 1 0 0 0 1 1 1 0 1 0 0 0 1 0 1 1 1 0 0 0 0 0 1 0 1 0 1 1 1 0 1 0 1 0 0 1 1 0 0 1 1 1 0 1 0 1 0 0 1 0 0 1 1 1 0 0
210th  1 2 0 1 2 1 2 1 0 1 1 1 0 0 0 1 0 0 3 0 1 1 0 1 1 1 1 0 1 0 1 0 1 0 1 1 1 1 1 2 1 1 1 0 0 1 0 0 1 1 0 0 0 1 1 0 0 0 1 1 0 0 1 1 0 1 4 1 1 1 1 1 1 1 1 1 0 1 0 1 1 1 0 0 1 0 0 1 0 0 0 0 1 0 0 1 1 1 0 1 0 1 1 1 1 0 1 1 0 0 0 1 1 1 0 1 2 0 1 1 0 1 1 1 1 0 0 1 1 0 1 1 0 0 0 0 0 0 1 1 0 1 1 0 1 0 0 1 0 0 1 1 0 1 1 1 0 0 0 0 0 1 0 0 1 0 0 1 0 0 1 1
211th  0 3 1 0 1 1 1 0 0 1 1 1 1 0 1 0 1 0 3 1 1 1 0 1 0 0 1 0 1 1 0 0 0 1 1 0 0 1 0 3 1 1 0 2 0 1 0 0 1 1 0 1 1 1 0 0 0 0 1 1 1 0 1 1 1 0 0 1 0 1 0 1 0 0 0 0 0 1 1 0 1 0 0 0 0 1 1 0 1 1 1 0 1 1 0 1 1 0 0 1 0 1 0 1 0 1 0 0 1 0 1 0 0 1 0 0 5 0 0 0 1 1 0 0 0 0 1 1 1 1 1 0 1 0 0 0 1 0 1 0 0 0 1 0 1 0 0 0 0 1 1 0 0 1 0 0 1 0 0 0 1 1 0 0 0 0 0 0 1 1 0 0
212th  0 1 1 2 2 1 2 0 0 1 0 0 0 0 0 1 0 0 3 0 0 0 1 1 1 0 1 0 0 1 1 0 1 0 0 1 0 1 1 2 1 1 0 1 1 0 1 1 0 1 1 0 1 0 1 0 0 1 1 0 1 0 1 0 0 1 1 1 0 0 1 0 1 0 1 1 0 0 1 0 0 1 1 1 0 0 1 0 0 1 0 0 0 0 1 0 0 1 1 0 0 1 0 0 0 1 1 0 0 1 0 1 1 0 0 1 1 0 1 1 1 1 0 1 0 0 1 1 1 1 0 0 0 0 0 1 1 0 1 0 1 1 1 2 1 1 0 1 1 1 0 1 1 0 1 0 0 1 1 1 0 0 1 0 1 1 0 0 0 0 1 1
213th  1 2 0 2 0 0 1 0 0 0 0 1 1 1 1 0 0 1 2 1 1 1 0 0 0 1 1 0 1 0 0 0 0 1 1 1 1 0 0 3 0 1 0 2 1 0 0 0 0 0 0 1 1 1 1 0 1 0 0 1 0 0 0 1 0 0 4 1 1 0 0 1 0 1 0 0 1 1 0 1 0 0 0 1 0 1 0 1 1 1 0 0 0 1 0 0 0 0 0 1 1 1 1 1 1 0 1 1 1 0 1 1 0 1 1 1 1 1 0 0 0 0 0 0 1 1 0 1 0 0 0 1 1 1 1 0 0 1 1 1 0 0 0 1 0 1 1 1 1 0 1 1 0 0 1 1 1 0 0 1 1 1 0 1 0 0 0 1 1 0 1 0
214th  0 0 1 1 0 2 0 0 1 0 0 0 0 1 2 1 0 1 2 1 0 0 0 1 1 1 0 0 0 1 0 0 0 0 1 0 1 0 0 2 0 1 0 1 0 1 0 0 1 1 0 0 0 1 1 1 1 1 1 1 0 0 1 1 0 0 2 1 1 0 0 0 1 0 1 1 0 0 0 1 0 0 1 0 0 0 1 1 1 0 0 1 1 1 1 1 1 0 0 1 1 0 0 0 0 1 1 1 0 0 0 1 0 0 0 1 5 1 0 1 1 1 1 0 1 1 0 0 1 1 0 0 1 1 0 1 1 1 1 1 0 1 1 1 1 0 1 0 0 0 0 1 1 1 0 1 0 0 1 0 1 0 1 0 0 1 0 1 0 0 1 0
215th  2 1 1 2 2 1 0 1 1 1 1 0 1 0 2 0 0 1 3 0 0 1 0 1 0 1 1 0 1 1 0 0 1 1 0 1 1 1 0 0 0 0 1 2 1 0 1 0 1 0 1 1 1 0 1 0 1 1 0 1 0 0 0 0 1 1 0 0 0 1 1 2 1 0 1 1 0 0 1 0 0 0 0 1 1 1 1 1 1 0 1 1 0 1 1 0 0 1 1 1 1 0 0 1 0 1 0 0 1 0 0 1 1 0 0 1 2 1 1 1 0 1 1 0 0 1 0 0 0 1 0 0 1 0 1 1 0 1 0 0 1 0 1 1 0 0 1 0 1 0 0 0 1 0 1 1 0 1 1 0 0 1 1 1 1 1 1 0 1 0 1 0
216th  2 2 0 2 0 0 1 0 1 0 0 0 0 1 1 0 1 0 0 0 0 1 1 0 1 1 1 0 0 0 1 1 0 0 1 0 1 1 1 3 1 0 0 1 1 0 0 1 1 1 0 0 1 1 0 1 0 0 1 1 0 0 1 1 0 0 0 0 0 0 0 2 0 1 0 0 0 1 1 0 0 1 1 1 1 0 0 0 1 1 0 0 0 0 0 1 1 1 1 0 1 1 1 0 0 1 0 1 1 1 0 0 1 1 0 1 2 1 0 0 0 1 1 1 1 0 0 1 0 0 0 0 0 1 0 0 1 1 1 0 1 1 1 0 1 1 0 1 0 1 0 0 1 1 0 0 0 0 0 1 0 1 0 0 1 1 1 1 1 0 1 1
217th  1 3 1 0 1 2 1 0 0 0 1 1 0 0 0 0 0 0 1 1 1 1 0 1 0 0 0 1 0 1 1 0 1 1 1 1 0 0 1 2 0 1 1 0 0 1 1 1 1 0 1 0 0 0 1 0 0 1 0 0 1 1 0 1 0 0 0 1 0 0 1 0 1 0 0 1 1 0 0 1 1 1 1 0 1 0 1 1 0 1 0 0 1 1 0 0 0 0 0 0 0 1 1 0 1 0 1 0 0 1 1 1 1 0 1 0 2 0 1 1 1 0 0 0 0 1 1 0 1 1 1 1 1 0 0 1 0 0 1 1 0 0 0 2 0 1 0 1 0 0 1 1 0 0 1 1 1 1 0 0 1 0 1 1 0 0 1 0 1 1 0 1
218th  2 0 1 1 0 0 2 1 0 1 1 1 0 1 0 1 1 0 3 0 0 0 1 1 0 0 1 0 1 1 1 1 1 1 0 0 0 1 0 2 1 1 1 1 1 1 0 1 0 0 0 0 0 0 1 0 1 0 0 0 0 1 0 0 1 0 1 0 1 0 1 0 1 1 0 0 1 1 0 1 0 1 0 1 0 1 0 0 0 1 1 0 1 0 1 1 0 1 0 1 1 1 0 1 0 1 0 0 1 0 1 0 0 0 0 1 2 1 1 1 1 1 1 1 1 0 1 0 1 1 0 0 1 1 0 0 0 1 1 1 0 1 1 1 1 0 0 0 1 1 0 1 1 1 0 0 0 1 0 1 1 0 1 0 0 0 0 0 0 0 1 0
219th  1 1 0 0 0 1 2 0 1 1 0 0 0 0 2 1 0 1 2 0 1 0 1 0 1 0 0 1 0 1 0 0 0 1 0 1 1 0 0 3 0 0 0 1 0 0 0 1 0 1 1 1 1 0 0 1 0 1 1 1 0 1 1 0 1 1 1 1 1 1 1 0 0 0 0 0 0 0 1 0 1 0 0 0 0 0 1 1 1 0 0 0 0 0 0 0 1 1 1 1 0 0 1 1 1 0 1 1 0 0 0 1 0 1 0 0 0 0 0 0 1 1 0 0 0 1 0 1 0 1 0 0 0 0 1 0 1 0 0 0 1 0 0 1 0 0 1 1 1 1 1 0 0 1 0 0 1 0 1 0 0 0 0 1 1 1 0 1 0 1 0 0
220th  2 1 0 1 1 1 0 0 1 1 1 0 0 1 0 0 1 1 1 1 0 0 0 0 1 1 0 0 1 0 0 1 0 1 0 0 0 0 0 2 0 0 0 0 0 1 1 0 1 0 0 1 1 1 0 0 1 1 0 0 1 0 0 0 0 1 1 0 1 1 0 1 0 0 0 1 1 1 0 1 1 1 0 0 1 0 1 1 0 0 1 1 0 1 1 1 0 0 1 0 1 0 1 0 0 1 0 1 0 1 0 0 0 1 1 0 2 1 0 0 0 0 1 1 0 0 1 1 0 0 0 0 0 0 0 1 1 0 0 0 1 1 0 2 0 1 1 0 1 0 0 0 1 0 1 0 0 1 1 1 1 0 1 1 1 1 1 0 1 0 1 1
221th  0 0 1 2 1 1 2 1 0 0 1 1 1 0 2 1 0 0 0 0 0 0 1 1 1 0 1 1 0 0 0 1 0 0 1 0 0 1 1 1 0 1 1 2 1 1 0 0 0 1 1 0 1 0 1 1 0 0 0 1 1 0 0 1 1 0 1 1 0 1 0 1 0 0 1 0 0 1 1 0 1 0 1 1 0 0 0 1 1 0 1 0 1 1 1 1 0 0 0 1 0 1 0 0 0 0 0 0 0 0 1 0 0 0 0 1 2 0 1 1 0 0 0 0 1 1 0 0 1 0 1 1 1 1 1 1 0 1 0 0 0 1 0 2 1 0 0 1 0 0 1 0 0 0 0 1 1 0 0 0 0 1 0 0 0 0 1 1 0 1 0 0
222th  0 0 1 2 2 2 0 0 1 0 0 1 1 0 1 0 1 0 0 1 1 1 0 1 0 1 1 0 1 0 1 0 1 0 1 1 1 0 1 0 1 1 1 3 0 1 0 1 0 1 1 0 0 1 0 0 1 1 1 1 1 1 1 0 0 1 2 0 1 1 1 0 1 1 1 1 1 0 1 0 0 0 1 0 0 1 0 1 0 1 0 0 0 0 0 0 1 0 1 1 0 0 0 1 0 0 1 1 1 1 0 0 1 0 1 1 2 1 1 0 1 0 1 1 1 1 0 0 0 0 1 0 0 0 0 0 0 1 1 1 1 0 1 2 1 1 1 1 1 1 1 1 0 0 1 1 0 1 1 1 0 1 0 0 1 1 0 1 1 0 1 0
223th  2 3 1 0 1 0 2 0 0 0 1 1 0 1 1 0 1 1 0 0 1 1 1 1 1 0 0 1 1 0 1 1 1 1 1 1 1 1 0 1 1 0 0 2 0 0 1 1 1 1 1 0 1 1 0 1 0 0 1 1 0 1 0 1 1 1 0 0 0 0 0 2 0 0 1 0 1 1 1 0 1 1 1 1 0 0 1 0 0 1 0 0 0 1 1 0 0 1 1 1 0 1 0 1 0 0 1 0 1 1 0 0 0 0 1 1 3 0 0 1 1 1 0 0 0 1 0 0 0 0 0 1 1 0 1 1 0 0 0 1 1 1 0 2 0 0 1 1 0 1 0 0 1 0 0 1 0 1 1 1 1 1 1 0 1 0 0 1 1 1 0 0
224th  2 1 1 1 0 1 0 1 1 1 1 1 0 0 2 1 0 0 2 0 1 1 0 0 1 1 1 1 1 0 1 1 1 1 0 0 1 1 1 2 1 1 0 3 1 0 0 1 0 1 0 1 1 1 1 0 1 0 0 0 0 1 0 1 1 0 2 0 1 1 1 1 1 1 0 0 1 0 1 0 1 1 1 1 1 1 1 0 0 0 1 0 1 1 1 0 1 0 1 0 0 1 1 0 1 0 0 1 1 0 1 1 1 1 0 0 2 1 1 0 1 1 0 1 0 0 1 0 1 1 1 1 0 0 0 1 0 0 1 1 0 0 1 2 1 1 1 1 1 1 0 1 1 0 1 0 1 0 0 0 1 1 1 1 1 0 1 0 0 0 1 1
225th  2 2 1 0 0 2 0 0 0 0 1 1 1 1 0 0 1 1 3 1 1 1 1 1 0 0 0 0 1 1 1 1 0 0 0 1 1 1 1 0 0 0 1 0 1 0 0 1 1 1 1 0 1 1 1 0 1 1 1 1 1 1 0 1 1 1 2 1 1 1 0 1 1 1 0 1 1 0 0 1 1 0 1 1 0 1 0 1 1 1 0 1 0 0 1 0 1 0 1 1 0 0 1 1 1 1 1 0 1 1 1 1 0 0 0 0 5 1 1 0 0 0 1 0 0 0 0 0 1 1 1 0 1 0 0 0 0 0 1 0 1 1 0 1 1 0 1 1 1 1 1 1 0 0 0 1 1 1 0 0 0 0 0 1 0 0 1 1 1 0 1 0
226th  0 1 1 0 2 2 1 0 0 0 0 0 0 1 1 0 0 0 3 1 1 0 1 1 0 0 0 0 0 1 0 0 1 1 0 0 0 1 1 0 0 0 0 1 0 1 1 0 1 0 1 1 0 1 1 1 1 0 0 0 1 0 0 1 1 1 3 1 0 0 0 1 0 0 1 1 0 1 0 1 0 1 0 1 0 1 1 1 1 1 1 1 1 1 1 0 1 0 0 0 0 1 1 1 0 1 0 0 0 0 1 0 0 1 0 0 2 1 0 1 0 1 0 0 0 0 0 1 1 1 1 0 0 1 0 1 1 1 0 0 0 0 0 0 1 0 0 1 1 0 0 1 1 0 0 1 1 1 1 0 1 0 1 0 0 1 1 0 1 1 0 1
227th  0 3 0 0 1 2 0 1 0 0 1 0 1 1 1 0 0 1 1 0 0 0 1 1 1 0 1 0 1 1 0 1 0 1 1 1 0 1 1 0 0 0 1 2 1 1 0 0 1 1 0 0 1 0 0 0 0 1 0 1 0 1 0 0 1 1 2 0 1 1 0 2 1 1 1 1 0 1 0 1 1 1 0 1 0 0 0 1 0 1 1 1 1 1 1 0 0 0 1 0 0 1 0 0 1 0 1 0 1 1 1 0 0 1 0 1 5 1 0 1 0 1 1 0 1 1 1 1 1 0 0 0 0 0 1 1 0 1 1 0 0 1 0 2 0 0 0 0 0 1 0 0 1 1 1 1 1 0 1 0 0 1 1 1 0 0 1 0 1 1 0 0
228th  1 0 0 2 1 1 0 0 0 1 0 0 1 1 1 0 0 1 2 1 1 0 1 0 0 0 1 0 0 0 0 1 0 0 1 1 1 0 0 2 1 0 1 0 0 0 1 1 0 1 1 1 0 1 1 0 0 1 0 0 0 0 1 1 1 0 3 0 0 1 0 2 0 0 1 1 1 0 0 1 1 0 0 0 0 0 0 0 1 0 0 1 1 1 0 0 0 0 1 1 0 1 0 1 1 0 1 0 0 0 1 0 1 0 1 0 2 0 1 1 1 1 1 0 1 0 0 1 0 0 1 1 1 0 1 1 0 0 0 1 1 0 0 0 1 0 0 0 0 1 0 0 0 1 0 1 1 0 0 0 0 0 0 1 1 0 1 0 1 1 0 1
229th  2 3 0 2 1 1 0 1 1 0 0 1 0 0 2 0 1 0 1 0 0 0 1 0 0 0 0 1 1 1 0 1 1 1 1 0 0 1 1 3 0 0 1 0 0 1 1 1 1 0 0 1 0 1 0 1 1 1 0 0 1 0 0 0 1 1 3 0 0 1 0 1 1 0 0 1 0 0 0 1 0 0 1 0 1 1 1 0 0 0 1 1 1 0 0 1 1 0 1 1 1 1 0 0 0 1 0 0 1 0 0 1 1 1 0 0 2 1 1 0 0 0 0 1 1 0 0 0 1 1 0 0 0 1 0 1 1 0 0 0 0 0 1 1 0 1 1 1 0 1 0 1 0 1 0 0 0 1 1 1 0 1 1 1 0 0 0 1 1 1 0 1
230th  2 0 0 1 2 2 2 1 0 0 1 0 1 1 0 1 1 0 0 0 1 0 1 1 1 0 1 1 0 1 1 0 1 1 1 0 0 0 1 0 1 1 1 0 1 0 1 0 0 1 0 0 1 0 1 0 1 0 1 0 0 0 1 0 1 1 0 0 1 1 1 2 0 1 0 1 0 0 1 0 1 1 1 1 0 0 1 1 1 0 1 1 1 0 0 0 1 1 0 0 0 0 0 1 1 0 0 1 1 1 1 1 0 1 1 1 5 1 0 0 0 1 1 0 1 1 1 1 0 0 1 1 0 1 0 0 0 1 1 1 0 0 1 1 0 1 1 0 0 0 1 1 1 0 0 0 1 1 1 1 1 1 1 0 1 0 1 0 0 0 1 0
231th  1 0 0 0 0 0 1 0 0 0 1 0 0 0 2 1 1 0 0 1 1 1 1 0 1 1 0 0 0 0 1 1 0 1 0 1 0 0 1 3 1 1 1 0 1 0 1 0 1 1 0 1 0 0 0 0 0 0 1 1 0 0 0 1 1 1 2 0 0 0 0 1 0 1 1 0 0 0 0 1 0 1 0 1 0 0 1 1 1 1 0 0 1 1 1 1 1 0 0 1 0 0 1 0 0 0 1 1 0 1 0 1 1 1 1 0 2 0 0 1 0 1 0 0 0 0 1 1 1 1 1 0 1 1 1 0 0 1 0 0 0 0 0 0 0 0 1 0 1 1 1 1 1 0 1 1 1 0 1 0 1 1 0 1 1 1 1 1 0 1 0 0
232th  1 0 0 1 1 2 2 0 1 1 1 0 1 1 2 1 1 1 0 0 0 1 0 0 0 0 1 0 0 1 0 0 0 0 1 0 1 0 0 0 0 0 1 3 1 0 0 0 1 1 1 1 0 0 0 1 1 0 1 0 0 1 1 0 1 0 4 0 1 1 1 1 0 1 1 1 0 0 0 1 0 1 0 1 1 0 1 0 0 0 0 1 1 0 1 0 1 1 0 1 1 0 0 1 1 0 1 1 1 1 0 1 0 0 1 0 2 0 0 0 1 1 1 0 0 1 0 0 0 1 0 1 0 1 0 0 0 1 1 1 0 1 0 0 0 1 1 1 1 0 1 1 1 1 0 0 1 1 1 0 1 0 0 1 1 0 1 0 0 0 1 0
233th  0 3 0 0 0 0 1 0 1 1 0 1 0 0 2 0 0 1 1 0 0 0 1 1 1 1 1 0 0 0 0 1 1 1 1 1 0 1 1 0 0 0 0 2 0 0 0 1 0 0 0 0 0 1 0 0 1 0 1 1 0 0 0 0 1 0 1 0 1 0 1 0 0 1 1 0 1 0 1 0 0 0 1 1 0 1 1 1 0 0 0 0 0 1 0 1 1 0 0 1 1 1 1 0 1 0 1 1 1 0 1 1 1 1 0 1 3 1 0 1 0 0 1 0 0 1 0 1 1 0 0 1 1 1 0 1 0 1 0 0 1 1 0 0 0 1 1 1 0 0 0 1 1 1 1 0 0 0 0 1 0 1 1 0 0 1 1 0 1 1 1 1
234th  1 0 1 2 2 2 0 1 0 1 0 0 1 0 2 1 0 0 3 1 1 0 1 1 0 1 1 0 1 1 0 0 1 0 0 0 1 0 1 2 1 1 0 1 0 1 0 0 1 1 0 0 0 1 1 1 0 0 1 1 1 0 1 0 0 1 0 1 0 0 0 0 0 1 0 0 0 1 1 0 1 1 0 0 0 1 1 0 1 1 1 0 0 1 1 0 1 0 0 1 1 0 1 0 1 1 1 1 1 1 1 1 0 1 1 0 3 1 0 1 0 0 0 0 0 0 1 1 1 0 0 1 1 0 1 1 0 0 1 1 0 1 1 0 0 1 1 0 1 0 1 1 1 0 1 0 1 0 1 0 0 1 1 0 0 0 1 0 1 0 1 0
235th  0 1 0 2 0 2 0 0 1 0 1 1 0 1 0 0 1 1 2 0 0 1 0 0 1 0 0 1 0 0 1 1 0 1 1 1 0 0 0 3 0 0 1 0 1 1 1 1 0 0 1 1 1 0 0 0 1 1 0 0 0 1 0 1 1 0 0 0 1 1 1 1 1 0 1 1 1 0 0 1 0 0 1 1 1 1 0 1 1 0 0 1 1 0 0 1 0 1 1 0 0 1 0 1 0 0 0 0 0 0 0 0 1 0 1 1 3 0 1 0 1 1 1 1 0 1 0 1 0 1 1 0 0 1 0 0 1 1 0 0 1 0 0 1 1 0 0 1 0 1 0 0 0 1 0 1 0 1 0 1 1 0 1 1 1 1 0 1 1 1 0 0
236th  0 2 1 1 1 0 1 1 0 1 1 1 1 1 1 0 0 0 1 0 0 0 1 0 0 1 0 1 1 1 1 0 0 0 0 1 0 0 1 0 0 1 1 3 0 0 0 1 0 0 0 0 1 0 1 0 0 1 1 1 0 1 1 0 1 1 0 0 1 1 0 2 0 1 0 0 1 0 1 0 0 0 0 1 0 0 0 0 0 1 0 1 1 0 0 0 0 0 0 1 1 0 1 1 0 0 1 0 0 1 0 1 1 0 0 0 3 1 0 0 1 1 0 0 1 1 1 0 1 1 0 1 1 0 1 0 1 1 0 1 1 0 1 2 0 0 1 0 0 0 0 0 0 1 1 0 0 1 1 1 0 0 0 1 0 0 1 0 1 0 1 1
237th  2 3 0 1 0 1 0 0 1 1 0 0 0 0 2 1 0 1 0 1 1 1 0 1 1 0 1 0 0 0 0 1 1 0 1 0 1 1 0 1 0 0 0 0 1 0 1 0 1 1 1 1 0 1 0 1 1 0 0 0 1 0 0 1 0 0 0 1 0 0 1 0 1 0 1 1 0 1 0 1 1 1 1 0 1 1 1 1 0 1 1 1 0 1 1 1 1 1 1 0 0 1 0 0 1 1 0 1 1 0 1 0 0 1 0 1 3 0 1 1 0 0 1 1 1 0 0 0 0 0 1 0 0 1 0 1 0 0 1 0 0 1 0 1 1 1 0 1 1 1 1 1 1 0 0 1 1 0 0 0 1 1 0 0 1 1 0 1 0 1 0 1
238th  2 0 0 0 1 0 0 0 0 0 0 0 0 0 1 1 1 0 2 1 1 0 0 0 0 0 0 0 0 1 1 1 0 0 0 0 1 1 0 1 1 1 1 3 0 0 1 0 1 0 1 0 1 0 0 0 0 0 1 1 1 0 0 1 1 1 1 0 0 1 1 1 0 0 1 0 1 0 0 1 0 1 1 1 1 1 1 0 1 0 0 0 0 0 1 0 1 1 0 0 1 1 0 1 1 0 1 1 0 1 1 1 1 0 0 1 3 0 1 1 0 1 0 0 1 0 0 1 1 1 0 0 1 1 1 1 0 1 1 1 1 0 1 2 1 1 1 1 0 1 0 1 1 0 1 0 0 0 0 0 0 0 1 1 1 0 1 0 0 0 1 1
239th  0 0 0 1 2 1 1 1 1 0 1 1 1 0 2 0 0 0 2 0 1 1 1 0 1 1 0 0 0 0 0 1 0 1 1 1 0 1 0 0 1 1 1 1 0 1 1 0 1 1 1 1 1 1 0 1 0 1 0 0 0 0 0 0 1 0 0 1 0 0 0 0 0 0 0 1 0 0 0 1 0 1 0 0 0 0 1 1 0 1 1 0 0 1 0 0 1 1 1 1 1 0 0 0 1 1 1 0 0 1 0 0 1 1 0 1 4 0 0 0 0 0 1 0 0 0 0 1 0 0 1 0 1 0 1 1 0 0 1 1 1 1 0 0 0 0 1 1 0 0 1 0 1 0 1 1 1 0 1 0 0 1 1 1 0 1 1 0 1 1 1 0
240th  2 2 1 1 0 1 0 1 1 0 0 0 1 0 1 1 0 0 3 0 0 1 1 0 0 1 1 1 1 0 1 0 0 1 0 1 0 1 0 0 1 1 0 0 0 0 0 0 1 0 0 1 1 0 0 1 1 0 0 0 0 1 0 1 0 0 3 0 0 1 1 1 0 1 0 0 0 0 0 1 0 1 0 0 0 0 0 0 1 1 1 1 0 0 0 0 0 1 0 0 1 0 0 0 1 0 0 1 0 1 1 0 0 1 0 1 4 1 1 0 1 0 0 1 1 0 0 0 0 0 0 1 0 1 0 0 1 0 1 1 0 1 0 1 0 0 0 1 1 1 0 1 0 1 1 1 0 0 1 1 0 0 0 1 1 0 1 1 0 0 1 0
241th  0 3 1 0 0 1 1 0 0 0 0 0 1 1 0 1 1 0 0 0 0 0 0 0 0 1 0 1 1 0 0 1 0 1 1 1 1 1 1 1 1 1 0 1 1 0 0 1 0 1 0 1 1 1 0 1 1 1 0 0 1 0 0 0 1 1 1 1 0 1 0 2 0 0 0 0 1 1 0 1 1 1 0 1 1 1 0 0 0 0 0 0 1 0 0 0 1 1 1 1 0 0 1 0 0 1 1 1 0 1 1 1 0 1 1 1 3 0 1 0 1 1 1 1 0 0 0 1 0 1 0 1 0 1 0 0 1 0 0 1 1 1 0 2 1 1 1 0 0 0 0 0 1 0 0 0 1 0 0 0 1 1 1 0 0 1 1 1 0 1 0 0
242th  2 0 1 1 2 2 2 1 1 1 0 1 0 0 0 0 0 0 1 0 0 0 0 1 1 1 0 0 0 1 0 1 0 1 0 1 1 1 1 1 0 0 1 0 0 1 0 1 1 1 1 0 1 0 1 0 0 0 0 1 0 0 1 0 0 0 2 1 1 0 0 1 0 1 0 1 0 1 1 0 0 0 1 1 1 0 1 0 1 1 1 0 0 0 0 0 1 0 0 1 0 0 1 1 0 0 0 1 1 0 0 1 0 1 0 1 3 1 0 1 0 0 0 0 0 0 0 0 0 0 1 0 0 1 1 0 0 1 0 0 0 1 0 1 0 0 1 1 1 0 1 0 0 0 0 1 0 0 0 0 0 1 1 1 1 1 1 1 1 1 0 1
243th  1 1 0 2 2 2 1 1 0 0 1 0 0 0 2 1 1 1 0 1 1 1 1 0 1 0 1 1 1 0 1 1 1 0 0 0 0 0 0 0 1 1 0 1 0 0 1 0 0 0 1 0 1 0 1 0 0 1 1 0 0 1 0 0 1 0 2 0 1 1 1 1 1 0 1 0 0 1 1 0 0 1 0 0 0 1 1 1 1 1 0 1 1 0 1 1 0 0 0 0 1 1 0 1 1 0 1 0 0 1 1 0 1 0 1 1 3 1 1 0 1 1 0 0 0 1 1 0 1 0 0 1 1 1 0 1 1 0 1 1 0 0 0 2 1 1 0 1 1 1 1 1 0 1 1 0 1 1 1 1 1 0 0 0 0 0 0 1 0 0 1 0
244th  0 2 0 1 1 1 2 1 0 1 1 1 1 1 1 0 1 1 3 1 1 0 0 1 0 1 0 0 1 0 1 0 1 1 0 0 0 0 0 3 0 0 1 2 1 1 1 0 0 1 1 1 0 1 0 0 1 1 1 1 0 0 1 1 0 0 2 1 0 1 0 0 1 0 0 0 1 0 1 1 0 0 0 1 0 1 1 0 0 0 0 0 1 1 0 1 0 0 0 0 0 1 1 1 0 0 0 1 0 0 0 1 1 0 1 0 3 0 1 1 0 0 1 0 1 1 1 0 1 1 0 1 1 0 1 1 1 1 0 0 1 1 1 0 0 1 1 0 0 1 0 1 0 0 0 0 1 1 0 1 0 1 1 0 0 0 1 0 1 1 1 1
245th  0 0 0 0 1 1 1 1 0 1 1 0 1 0 1 0 1 0 2 0 1 1 0 0 0 1 0 1 1 1 1 0 1 1 0 1 1 1 1 2 1 0 1 0 1 1 1 1 1 1 1 1 0 0 1 0 1 0 1 1 1 0 1 1 1 0 0 1 0 0 1 1 1 0 0 0 0 0 1 0 0 1 0 0 0 0 0 0 0 1 1 1 0 1 0 0 0 0 0 0 1 1 1 0 1 1 0 1 0 1 0 0 1 1 1 0 4 1 1 0 1 0 1 1 1 0 1 0 0 1 1 0 1 0 0 0 1 0 1 1 1 0 0 1 1 0 1 1 1 0 0 1 1 1 1 1 1 1 1 0 0 1 0 0 0 1 1 0 1 1 0 0
246th  0 0 0 0 2 1 1 1 1 1 0 0 1 0 1 1 0 1 0 1 1 1 1 1 0 1 0 1 1 1 1 1 0 1 1 1 1 1 0 3 1 1 0 3 0 1 0 1 0 1 0 1 1 1 1 0 1 0 0 0 0 1 0 1 1 1 3 0 0 1 1 0 0 0 0 1 0 1 0 1 1 0 1 1 1 1 0 1 1 1 1 0 0 1 1 0 0 1 1 0 0 1 1 0 0 1 0 0 0 1 1 1 0 1 0 0 3 1 0 1 0 1 1 0 0 1 1 1 1 0 0 1 1 0 0 0 1 0 1 0 1 1 0 1 0 0 1 1 1 0 0 1 1 0 1 1 0 1 1 1 0 0 1 1 1 1 1 0 1 0 1 1
247th  1 3 1 0 2 1 2 0 1 0 0 1 0 1 1 1 1 0 1 0 0 1 0 0 1 0 1 0 1 1 1 1 0 0 0 0 0 0 1 2 0 0 0 0 0 0 1 0 1 0 1 0 0 0 0 1 0 1 1 1 1 0 0 0 0 0 3 1 1 1 1 0 1 0 1 0 1 0 0 1 1 1 0 1 1 0 0 0 0 0 1 0 0 0 1 1 1 0 0 0 1 0 1 0 0 0 1 0 1 1 1 0 1 1 1 1 3 1 1 0 0 1 0 1 0 0 1 0 0 0 0 0 0 1 1 1 0 1 0 1 0 0 1 2 1 1 0 0 0 0 1 0 1 0 0 0 0 0 1 0 1 1 0 1 1 1 0 1 0 1 0 1
248th  0 3 1 1 2 0 0 0 0 1 0 0 0 0 0 0 0 0 2 0 1 0 0 0 0 1 1 1 0 0 0 1 1 0 1 0 1 1 1 3 0 0 1 1 0 1 0 1 0 0 0 0 1 1 0 0 0 0 1 1 0 0 1 0 0 0 3 0 0 0 1 1 0 1 0 0 0 1 1 0 1 1 1 0 1 0 1 1 0 1 0 1 1 0 0 0 0 1 0 0 1 0 0 1 1 1 1 0 1 0 0 0 0 0 0 0 3 0 1 0 1 0 0 0 1 0 0 1 1 0 1 0 0 0 0 1 0 0 1 0 0 1 1 1 0 1 1 0 1 1 0 0 0 1 1 1 0 0 0 0 1 0 1 0 1 1 1 0 1 0 1 0
249th  0 2 1 2 0 0 2 0 1 1 1 1 1 1 1 0 0 0 0 1 1 1 0 1 0 0 1 1 1 1 0 1 1 1 0 1 0 1 1 0 0 1 1 0 1 0 0 0 1 0 1 1 1 0 0 1 1 1 0 0 1 1 0 1 0 1 3 1 1 0 0 0 1 0 1 1 1 1 1 0 1 0 0 1 0 1 1 1 0 1 1 0 1 1 1 0 1 1 1 1 0 1 1 0 0 1 0 1 1 1 1 0 1 1 1 1 3 0 0 1 0 0 1 0 1 1 1 1 0 1 1 1 1 0 1 1 0 0 0 1 0 1 0 0 1 1 1 1 0 0 1 1 0 0 0 1 1 1 1 1 0 1 1 0 0 0 0 1 1 1 0 0
250th  2 1 1 1 0 2 2 0 0 0 1 1 0 0 2 1 0 0 3 1 0 1 1 0 1 0 1 0 0 0 0 0 0 1 0 1 0 0 1 2 1 1 0 1 1 1 0 0 1 0 0 0 0 1 1 1 0 1 1 1 1 1 0 1 1 0 4 1 1 0 1 1 0 1 0 1 1 0 0 1 0 0 0 1 1 1 0 1 1 0 0 1 0 1 1 0 1 0 1 1 0 0 0 1 1 0 1 0 1 0 1 1 1 1 1 1 4 0 1 0 1 1 1 0 1 0 1 0 0 0 0 0 0 0 1 0 1 0 1 1 1 0 1 2 1 1 0 0 1 1 1 1 1 0 1 1 1 1 0 1 0 0 0 0 1 1 1 0 0 0 1 0
251th  0 0 1 2 1 0 2 1 1 1 0 1 1 1 0 1 0 0 3 1 1 0 0 0 0 1 0 1 1 1 1 0 1 1 1 1 1 0 1 2 1 1 0 2 0 1 0 0 0 1 1 1 1 0 0 0 1 1 0 0 0 1 1 1 0 1 4 1 0 0 0 1 0 0 1 1 1 0 0 1 0 0 1 0 0 1 0 0 1 1 1 0 1 1 1 0 1 0 0 0 0 1 1 0 0 0 0 1 1 0 1 1 0 1 0 0 3 1 0 1 0 0 0 1 1 0 1 0 0 1 0 1 0 0 0 1 0 0 0 0 1 0 0 2 1 0 0 1 1 0 0 1 1 0 0 1 1 1 1 0 0 0 0 0 0 1 1 0 1 1 1 1
252th  2 2 0 0 0 2 2 0 1 0 1 0 1 0 0 0 0 0 1 1 0 0 1 0 1 1 0 1 0 0 1 1 1 0 0 1 0 1 0 1 0 1 1 3 1 1 0 1 0 0 0 1 1 0 1 1 0 1 0 0 1 0 1 1 1 1 4 0 0 1 1 0 0 1 0 0 0 1 1 0 0 0 0 0 0 0 0 0 1 1 0 1 0 1 1 0 1 1 1 1 1 1 1 0 1 0 1 0 0 1 1 0 1 0 1 1 3 0 0 1 0 0 0 1 0 1 1 1 0 1 1 0 1 0 0 1 0 0 1 1 1 0 1 1 1 0 1 0 1 0 1 0 0 1 1 0 1 0 1 0 1 0 1 1 0 1 0 0 1 0 1 0
253th  0 3 0 0 2 2 0 1 1 0 1 1 0 1 0 0 1 0 0 0 1 0 0 1 1 0 0 1 0 1 1 0 0 1 1 0 1 0 1 0 0 0 1 2 0 1 1 1 1 1 1 0 0 1 1 0 0 0 1 1 0 1 0 0 1 1 4 0 1 0 1 0 0 0 1 0 1 0 1 1 1 0 1 0 1 1 0 1 1 1 1 1 1 0 0 1 0 0 0 0 1 1 0 1 1 1 0 1 0 0 0 0 1 0 0 1 3 0 1 0 1 1 0 1 1 0 0 1 1 1 1 1 1 1 1 0 1 1 1 0 1 0 1 0 0 0 1 0 1 1 1 0 1 1 0 1 0 0 1 1 1 1 0 0 0 0 0 1 1 1 0 0
254th  1 0 1 1 1 1 2 0 0 1 0 0 1 0 1 1 1 1 0 0 0 0 1 1 1 0 0 0 1 0 1 0 0 1 0 1 0 0 1 0 1 0 0 2 0 1 0 1 0 1 0 0 1 1 1 1 0 1 1 1 1 1 1 0 1 1 0 0 1 0 1 1 0 0 0 1 1 1 1 0 0 0 1 0 0 1 0 1 1 0 0 0 0 1 0 0 1 1 1 0 0 0 0 1 0 0 1 0 1 0 0 1 0 0 1 1 4 1 0 1 0 0 0 0 0 1 0 0 1 0 0 0 0 1 1 0 1 1 0 0 0 1 0 2 0 0 1 0 1 0 0 1 1 0 1 1 1 0 1 1 0 0 0 1 1 1 1 0 0 1 1 1
255th  2 2 0 1 2 0 0 0 0 1 1 1 0 0 1 1 0 1 2 1 1 1 0 0 1 0 0 0 0 0 0 0 1 0 1 0 1 1 0 3 1 1 1 3 0 1 1 0 1 0 1 1 1 0 0 1 0 0 1 0 0 0 0 1 1 0 1 0 0 1 0 2 1 0 1 0 1 1 0 1 0 1 1 0 1 1 0 0 0 0 1 1 1 0 1 1 1 1 1 1 1 0 0 0 1 0 1 1 0 0 0 1 1 0 0 1 1 1 0 1 0 1 0 0 0 1 0 0 1 0 0 0 1 0 0 1 0 1 1 0 0 1 0 2 1 0 0 1 0 0 1 0 0 1 0 0 1 0 1 0 0 1 1 0 0 1 1 0 0 1 1 1
256th  2 2 0 1 1 1 2 1 1 1 0 1 1 1 1 1 1 0 2 1 1 1 0 0 1 0 1 0 1 1 1 0 0 1 0 0 1 1 1 1 0 0 0 1 1 1 1 1 1 1 1 1 0 0 0 1 1 0 0 1 0 1 1 1 0 0 4 0 1 0 0 2 0 0 0 1 0 0 1 1 1 1 0 0 0 0 0 1 1 0 0 1 0 1 0 1 1 1 0 0 1 0 0 1 1 1 1 0 0 0 0 0 0 1 0 1 3 0 1 1 1 0 1 0 1 0 1 1 0 1 1 0 0 1 1 0 1 1 0 0 0 1 1 1 1 0 1 0 1 1 1 1 1 1 1 1 0 1 0 1 1 1 0 1 1 1 0 0 0 0 1 1
257th  1 3 0 2 0 2 0 1 0 1 1 1 1 1 1 0 1 0 3 0 0 1 1 1 0 1 0 1 1 1 1 1 0 1 1 1 1 1 1 3 0 1 0 3 0 1 1 0 0 1 1 1 1 1 0 1 1 1 0 1 0 1 0 1 0 1 0 0 0 0 1 2 1 1 1 0 1 0 0 1 0 0 1 0 1 0 0 1 0 1 0 1 1 1 1 1 1 1 1 1 1 1 0 1 0 1 0 0 0 1 1 1 0 0 0 1 4 0 1 0 0 0 0 1 1 1 1 0 1 1 1 0 1 1 1 1 1 0 0 1 1 0 0 1 0 1 1 0 1 1 0 0 0 0 0 1 0 0 1 1 0 1 1 0 1 0 0 0 1 1 0 0
258th  0 0 1 2 1 2 1 1 1 0 0 1 0 0 2 0 1 1 1 0 1 0 1 1 0 0 1 1 1 1 1 0 0 0 1 0 0 1 0 1 1 1 0 0 1 0 0 0 0 0 1 0 1 1 1 0 1 1 1 1 0 0 1 1 1 0 1 0 1 1 1 0 1 1 0 1 1 0 0 1 1 0 0 1 0 0 0 0 0 0 1 0 0 1 0 0 0 0 1 0 1 0 0 0 1 1 0 1 0 1 0 1 0 0 0 0 4 1 0 1 0 1 1 0 1 1 0 1 0 1 1 0 1 0 0 0 0 1 0 1 1 0 1 1 0 0 1 0 0 1 0 0 1 0 1 0 0 0 1 0 0 1 0 0 0 1 1 1 1 0 1 1
259th  1 1 0 1 0 2 2 0 1 1 1 0 1 1 1 1 0 0 0 1 0 1 0 0 1 1 0 0 0 0 0 1 1 1 0 1 1 0 1 0 0 0 1 0 0 1 1 1 1 0 0 1 0 0 0 1 0 0 0 0 1 1 0 0 0 1 1 1 0 0 0 2 0 0 1 0 0 1 1 0 0 1 1 0 1 0 1 1 1 1 0 1 1 0 1 1 1 1 0 1 0 1 1 1 0 0 1 0 1 0 1 0 1 1 1 1 4 0 1 0 1 0 0 1 0 0 1 0 0 0 0 1 0 1 1 1 1 0 1 0 0 0 0 2 1 1 0 1 1 0 1 1 0 1 0 1 1 1 0 1 0 0 1 1 1 0 0 0 0 1 1 0
260th  2 2 0 0 2 0 0 0 1 0 0 0 0 1 0 0 0 1 0 0 1 1 0 1 0 0 1 1 0 0 1 0 1 1 1 1 0 1 1 2 0 0 1 2 0 1 1 1 1 1 1 0 0 1 0 1 0 1 0 1 1 1 1 1 0 0 1 0 1 1 1 1 1 1 0 0 0 1 0 1 1 1 1 1 0 0 0 0 1 1 1 1 0 0 0 1 1 0 0 1 1 0 1 0 1 1 0 1 1 0 1 1 0 0 0 1 4 0 0 0 0 1 1 1 0 1 0 0 1 1 0 1 1 1 0 0 1 0 0 0 0 1 1 0 1 0 0 1 1 1 1 0 0 0 1 0 1 1 1 0 1 1 0 1 0 1 0 0 1 0 1 0
261th  2 3 0 2 1 1 2 1 1 1 0 1 1 1 0 1 0 0 2 1 1 1 1 1 1 0 1 0 0 1 0 1 0 1 1 0 0 0 0 0 0 0 1 3 1 1 1 0 1 1 0 0 1 1 1 1 1 1 1 0 0 1 0 0 1 0 1 0 0 0 0 0 0 1 0 0 1 1 1 1 1 1 1 1 1 1 1 0 0 0 1 0 0 1 1 0 1 1 1 1 1 1 1 1 1 1 0 0 1 0 0 0 0 0 0 0 4 0 1 1 1 1 0 1 0 1 0 0 0 1 1 1 0 0 0 1 0 0 1 0 0 1 0 1 0 0 0 1 1 1 1 0 0 0 1 0 1 0 0 0 1 1 0 1 0 0 0 1 0 1 0 1
262th  1 0 0 1 0 1 1 1 0 1 0 0 0 1 0 1 1 0 0 0 0 1 0 0 1 0 0 0 1 0 0 1 0 0 0 1 0 0 0 2 1 0 0 2 1 0 1 0 1 1 0 1 1 1 1 0 1 0 0 0 1 0 0 0 1 0 1 0 1 0 0 1 1 1 0 1 0 1 1 0 0 1 0 0 1 1 0 1 0 1 0 1 1 1 0 0 1 0 0 0 1 1 1 1 0 0 1 0 0 0 0 0 0 1 0 0 3 1 1 0 0 0 0 0 0 1 0 1 0 1 0 0 0 1 0 0 0 0 0 1 1 0 0 1 0 1 0 1 0 1 1 1 0 1 1 1 0 0 0 0 0 1 1 1 1 0 0 1 0 1 0 0
263th  0 2 1 0 2 0 1 1 1 0 0 1 0 0 0 1 1 1 3 0 0 0 1 0 1 1 1 0 1 0 0 1 1 1 0 0 1 1 1 0 1 1 0 1 1 0 1 1 1 1 1 0 1 0 1 1 1 1 1 1 1 1 1 0 0 1 2 0 1 1 1 2 0 1 0 1 1 0 1 0 0 0 0 1 1 0 1 1 1 0 1 1 1 1 1 1 1 0 0 1 0 0 1 1 0 1 0 0 1 0 0 0 1 1 0 1 4 0 1 0 0 0 1 0 1 0 0 1 1 1 0 1 1 1 1 1 0 0 1 1 0 0 0 1 0 0 1 0 0 1 0 1 0 0 0 1 0 0 1 0 0 0 1 1 1 0 1 0 0 1 0 1
264th  2 1 0 2 2 0 2 1 1 0 0 1 0 0 2 0 0 0 0 1 1 1 0 0 0 1 0 1 1 0 1 1 0 0 1 1 0 0 0 2 0 0 0 1 0 0 1 0 0 0 1 1 1 0 1 0 1 0 1 0 0 1 1 0 1 1 2 1 0 1 1 1 0 0 1 1 1 1 0 1 1 1 1 0 0 0 1 0 1 0 0 1 0 1 1 0 1 1 1 0 0 0 0 0 0 0 1 0 1 1 1 0 0 0 0 1 4 1 0 0 1 1 0 1 1 0 0 1 0 0 1 0 0 0 1 0 1 0 0 1 0 0 0 0 0 0 1 1 0 1 0 0 0 1 1 1 0 0 0 0 1 0 1 1 1 1 1 0 1 0 1 0
265th  0 1 1 1 0 0 1 1 0 1 0 1 1 1 1 0 0 1 0 1 0 0 1 0 0 0 1 1 0 1 0 0 0 1 0 0 0 1 1 3 1 0 0 0 0 0 0 0 0 0 1 1 1 0 1 0 0 1 0 0 1 0 0 0 0 0 0 0 1 0 0 0 0 1 0 0 0 1 0 1 1 0 1 0 0 0 1 1 0 0 1 1 0 0 1 1 0 0 1 1 0 0 0 1 1 0 1 0 0 0 1 1 1 0 1 0 4 1 0 1 0 1 1 1 1 1 1 1 1 1 1 1 0 1 0 1 0 1 0 0 1 1 0 0 0 0 0 0 0 0 1 1 0 1 1 0 1 0 1 0 1 1 0 1 1 1 0 1 1 1 0 0
